py/desiutil/data/iers_frozen.ecsv
# %ECSV 0.9
# ---
# datatype:
# - {name: year, datatype: int64, description: 'To get true calendar year, add 1900
#     forMJD<=51543 or add 2000 for MJD>=51544)'}
# - {name: month, datatype: int64, description: ''}
# - {name: day, datatype: int64, description: of month}
# - {name: MJD, unit: d, datatype: float64, description: fractional Modified Julian
#     Date (MJD UTC)}
# - {name: PolPMFlag_A, datatype: string, description: IERS (I) or Prediction (P) flag
#     forBull. A polar motion values}
# - {name: PM_x_A, unit: arcsec, datatype: float64, description: Bull. A PM-x}
# - {name: e_PM_x_A, unit: arcsec, datatype: float64, description: error in PM-x (sec.
#     of arc)}
# - {name: PM_y_A, unit: arcsec, datatype: float64, description: Bull. A PM-y (sec.
#     of arc)}
# - {name: e_PM_y_A, unit: arcsec, datatype: float64, description: error in PM-y (sec.
#     of arc)}
# - {name: UT1Flag_A, datatype: string, description: IERS (I) or Prediction (P) flag
#     forBull. A UT1-UTC values}
# - {name: UT1_UTC_A, unit: s, datatype: float64, description: Bull. A UT1-UTC (sec.
#     of time)}
# - {name: e_UT1_UTC_A, unit: s, datatype: float64, description: error in UT1-UTC (sec.
#     of time)}
# - {name: LOD_A, unit: ms, datatype: float64, description: Bull. A LOD (msec. of time)--
#     NOT ALWAYS FILLED}
# - {name: e_LOD_A, unit: ms, datatype: float64, description: error in LOD (msec. of
#     time)-- NOT ALWAYS FILLED}
# - {name: NutFlag_A, datatype: string, description: IERS (I) or Prediction (P) flag
#     forBull. A nutation values}
# - {name: dX_2000A_A, unit: marcsec, datatype: float64, description: Bull. A dX wrt
#     IAU2000A NutationFree Core Nutation NOT Removed}
# - {name: e_dX_2000A_A, unit: marcsec, datatype: float64, description: error in dX
#     (msec. of arc)}
# - {name: dY_2000A_A, unit: marcsec, datatype: float64, description: Bull. A dY wrt
#     IAU2000A NutationFree Core Nutation NOT Removed}
# - {name: e_dY_2000A_A, unit: marcsec, datatype: float64, description: error in dY
#     (msec. of arc)}
# - {name: PM_X_B, unit: arcsec, datatype: float64, description: Bull. B PM-x (sec.
#     of arc)}
# - {name: PM_Y_B, unit: arcsec, datatype: float64, description: Bull. B PM-y (sec.
#     of arc)}
# - {name: UT1_UTC_B, unit: s, datatype: float64, description: Bull. B UT1-UTC (sec.
#     of time)}
# - {name: dX_2000A_B, unit: marcsec, datatype: float64, description: Bull. B dX wrt
#     IAU2000A Nutation}
# - {name: dY_2000A_B, unit: marcsec, datatype: float64, description: Bull. B dY wrt
#     IAU2000A Nutation}
# - {name: UT1_UTC, unit: s, datatype: float64}
# - {name: UT1Flag, datatype: string}
# - {name: PM_x, unit: arcsec, datatype: float64}
# - {name: PM_y, unit: arcsec, datatype: float64}
# - {name: PolPMFlag, datatype: string}
# meta: !!omap
# - {data_url: frozen}
year month day MJD PolPMFlag_A PM_x_A e_PM_x_A PM_y_A e_PM_y_A UT1Flag_A UT1_UTC_A e_UT1_UTC_A LOD_A e_LOD_A NutFlag_A dX_2000A_A e_dX_2000A_A dY_2000A_A e_dY_2000A_A PM_X_B PM_Y_B UT1_UTC_B dX_2000A_B dY_2000A_B UT1_UTC UT1Flag PM_x PM_y PolPMFlag
[from data line 12651]
7 8 23 54335.0 I 0.208352 1.8e-05 0.279708 3.6e-05 I -0.1631182 3.7e-06 -0.4835 0.0024 I -0.197 0.098 -0.398 0.34 0.20836 0.27972 -0.163129 -0.087 -0.418 -0.163129 B 0.20836 0.27972 B
7 8 24 54336.0 I 0.206605 1.8e-05 0.277342 3.6e-05 I -0.1626148 3.6e-06 -0.4927 0.0039 I -0.179 0.098 -0.378 0.34 0.20663 0.27739 -0.162626 -0.058 -0.395 -0.162626 B 0.20663 0.27739 B
7 8 25 54337.0 I 0.204756 1.6e-05 0.274971 2.5e-05 I -0.1621762 6.8e-06 -0.3718 0.0028 I -0.164 0.081 -0.353 0.12 0.20476 0.27501 -0.16219 -0.04 -0.376 -0.16219 B 0.20476 0.27501 B
7 8 26 54338.0 I 0.203035 1.9e-05 0.272553 3e-05 I -0.1619054 4.3e-06 -0.1485 0.0039 I -0.16 0.095 -0.35 0.103 0.20302 0.27257 -0.161904 0.003 -0.36 -0.161904 B 0.20302 0.27257 B
7 8 27 54339.0 I 0.201802 1.9e-05 0.270373 2.9e-05 I -0.1619027 3.9e-06 0.1453 0.0032 I -0.167 0.095 -0.361 0.103 0.20179 0.27039 -0.161918 0.025 -0.408 -0.161918 B 0.20179 0.27039 B
7 8 28 54340.0 I 0.200909 1.7e-05 0.268556 2.5e-05 I -0.1622088 4.8e-06 0.4775 0.0028 I -0.182 0.106 -0.366 0.34 0.20095 0.26862 -0.162209 0.043 -0.482 -0.162209 B 0.20095 0.26862 B
7 8 29 54341.0 I 0.200104 2.6e-05 0.267022 2.9e-05 I -0.1628459 4e-06 0.7741 0.0031 I -0.197 0.082 -0.363 0.34 0.2001 0.26704 -0.162867 -0.004 -0.512 -0.162867 B 0.2001 0.26704 B
7 8 30 54342.0 I 0.199373 2.5e-05 0.265486 2.9e-05 I -0.1637146 3.9e-06 0.9434 0.0026 I -0.206 0.082 -0.355 0.34 0.19938 0.2655 -0.163715 -0.072 -0.405 -0.163715 B 0.19938 0.2655 B
7 8 31 54343.0 I 0.198744 2.5e-05 0.263743 2.9e-05 I -0.1646923 3.3e-06 0.9915 0.0031 I -0.211 0.082 -0.337 0.34 0.19869 0.26382 -0.164685 -0.121 -0.367 -0.164685 B 0.19869 0.26382 B
7 9 1 54344.0 I 0.197877 2.3e-05 0.261885 2.3e-05 I -0.1656433 4.7e-06 0.8767 0.0036 I -0.248 0.175 -0.304 0.34 0.19789 0.26192 -0.165648 -0.18 -0.335 -0.165648 B 0.19789 0.26192 B
7 9 2 54345.0 I 0.196722 2.3e-05 0.259833 2.2e-05 I -0.166401 6.3e-06 0.6277 0.0028 I -0.257 0.175 -0.291 0.34 0.19672 0.25985 -0.166397 -0.201 -0.337 -0.166397 B 0.19672 0.25985 B
7 9 3 54346.0 I 0.195363 3.1e-05 0.257823 2.6e-05 I -0.1668903 2.9e-06 0.3534 0.0035 I -0.27 0.149 -0.303 0.34 0.19534 0.25784 -0.166898 -0.233 -0.33 -0.166898 B 0.19534 0.25784 B
7 9 4 54347.0 I 0.194049 2.5e-05 0.25586 2e-05 I -0.1671236 3e-06 0.1266 0.0022 I -0.271 0.189 -0.334 0.34 0.19405 0.25591 -0.167105 -0.153 -0.365 -0.167105 B 0.19405 0.25591 B
7 9 5 54348.0 I 0.192598 3.5e-05 0.253873 4.3e-05 I -0.167187 3.2e-06 0.0305 0.0024 I -0.243 0.153 -0.36 0.34 0.1926 0.25383 -0.167178 -0.062 -0.276 -0.167178 B 0.1926 0.25383 B
7 9 6 54349.0 I 0.190613 3.4e-05 0.251811 4.3e-05 I -0.1672295 3.7e-06 0.0692 0.0024 I -0.194 0.153 -0.362 0.34 0.19063 0.25185 -0.167257 0.016 -0.248 -0.167257 B 0.19063 0.25185 B
7 9 7 54350.0 I 0.188585 3.5e-05 0.249777 4.4e-05 I -0.1673558 3.7e-06 0.1991 0.0025 I -0.155 0.086 -0.335 0.34 0.18849 0.24977 -0.167358 0.006 -0.204 -0.167358 B 0.18849 0.24977 B
7 9 8 54351.0 I 0.186881 3.6e-05 0.247706 4.4e-05 I -0.167649 3.4e-06 0.393 0.0029 I -0.157 0.101 -0.286 0.34 0.18688 0.24771 -0.167663 -0.085 -0.194 -0.167663 B 0.18688 0.24771 B
7 9 9 54352.0 I 0.185581 3.6e-05 0.24602 4.5e-05 I -0.1681533 4.4e-06 0.6214 0.0029 I -0.159 0.073 -0.257 0.34 0.18557 0.24604 -0.168144 -0.166 -0.194 -0.168144 B 0.18557 0.24604 B
7 9 10 54353.0 I 0.184351 4.4e-05 0.244394 4.7e-05 I -0.168872 4.8e-06 0.7904 0.0034 I -0.165 0.131 -0.253 0.34 0.18434 0.24443 -0.168883 -0.187 -0.162 -0.168883 B 0.18434 0.24443 B
7 9 11 54354.0 I 0.182798 3.6e-05 0.242593 2.9e-05 I -0.1697011 5.3e-06 0.8603 0.0032 I -0.177 0.148 -0.256 0.34 0.18288 0.2426 -0.169698 -0.074 -0.244 -0.169698 B 0.18288 0.2426 B
7 9 12 54355.0 I 0.181147 4.1e-05 0.240552 3.5e-05 I -0.170596 4.1e-06 0.9405 0.0034 I -0.198 0.126 -0.246 0.107 0.18107 0.24054 -0.170603 0.064 -0.26 -0.170603 B 0.18107 0.24054 B
7 9 13 54356.0 I 0.179257 4.1e-05 0.23841 3.5e-05 I -0.171558 4.1e-06 0.9486 0.0028 I -0.216 0.126 -0.225 0.107 0.17924 0.23846 -0.171547 0.07 -0.221 -0.171547 B 0.17924 0.23846 B
7 9 14 54357.0 I 0.177339 4.1e-05 0.236296 3.6e-05 I -0.1724549 3.9e-06 0.8418 0.0033 I -0.226 0.126 -0.215 0.107 0.17736 0.23637 -0.172456 -0.075 -0.209 -0.172456 B 0.17736 0.23637 B
7 9 15 54358.0 I 0.175108 3.7e-05 0.23424 3.5e-05 I -0.1732334 5.1e-06 0.7103 0.0025 I -0.208 0.133 -0.224 0.116 0.17513 0.23427 -0.17324 -0.233 -0.103 -0.17324 B 0.17513 0.23427 B
7 9 16 54359.0 I 0.17238 3.9e-05 0.232221 3.6e-05 I -0.1738678 3.2e-06 0.5556 0.0029 I -0.21 0.054 -0.24 0.142 0.17237 0.23225 -0.173873 -0.323 -0.092 -0.173873 B 0.17237 0.23225 B
7 9 17 54360.0 I 0.169658 4e-05 0.230315 3.2e-05 I -0.1743512 2.9e-06 0.4206 0.0022 I -0.204 0.17 -0.245 0.142 0.16964 0.23033 -0.174348 -0.275 -0.093 -0.174348 B 0.16964 0.23033 B
7 9 18 54361.0 I 0.167252 3.5e-05 0.228482 2.5e-05 I -0.1747141 3.1e-06 0.3009 0.0022 I -0.194 0.204 -0.248 0.139 0.16725 0.22855 -0.174717 -0.132 -0.182 -0.174717 B 0.16725 0.22855 B
7 9 19 54362.0 I 0.16519 3.8e-05 0.226664 4e-05 I -0.1749641 3.4e-06 0.2144 0.0024 I -0.183 0.172 -0.262 0.102 0.16518 0.22669 -0.174942 -0.06 -0.202 -0.174942 B 0.16518 0.22669 B
7 9 20 54363.0 I 0.163119 3.8e-05 0.224782 4e-05 I -0.1751808 3.6e-06 0.2417 0.0024 I -0.169 0.172 -0.27 0.102 0.16314 0.22483 -0.175194 0.004 -0.267 -0.175194 B 0.16314 0.22483 B
7 9 21 54364.0 I 0.160493 3.8e-05 0.223004 4.1e-05 I -0.1754813 3.5e-06 0.3704 0.003 I -0.154 0.172 -0.251 0.102 0.16053 0.22296 -0.17547 0.004 -0.212 -0.17547 B 0.16053 0.22296 B
7 9 22 54365.0 I 0.157651 2.3e-05 0.221106 3.8e-05 I -0.1759379 4.9e-06 0.5479 0.0031 I -0.143 0.211 -0.226 0.34 0.15764 0.2211 -0.175962 0.021 -0.299 -0.175962 B 0.15764 0.2211 B
7 9 23 54366.0 I 0.154742 2.7e-05 0.219578 3.8e-05 I -0.1766023 5e-06 0.8008 0.0035 I -0.14 0.107 -0.22 0.34 0.15476 0.21962 -0.176592 -0.007 -0.255 -0.176592 B 0.15476 0.21962 B
7 9 24 54367.0 I 0.151766 2.6e-05 0.217987 3.8e-05 I -0.1775498 5e-06 1.0845 0.0039 I -0.151 0.107 -0.233 0.34 0.15176 0.21802 -0.177564 0.012 -0.313 -0.177564 B 0.15176 0.21802 B
7 9 25 54368.0 I 0.149065 2e-05 0.216369 2.1e-05 I -0.1787945 6.1e-06 1.4376 0.0037 I -0.172 0.126 -0.243 0.34 0.14905 0.21634 -0.178783 0.005 -0.298 -0.178783 B 0.14905 0.21634 B
7 9 26 54369.0 I 0.146563 2.2e-05 0.214811 4.8e-05 I -0.1803984 5.5e-06 1.7108 0.0042 I -0.19 0.101 -0.243 0.34 0.14657 0.21486 -0.180448 -0.037 -0.287 -0.180448 B 0.14657 0.21486 B
7 9 27 54370.0 I 0.144063 2.3e-05 0.213044 4.8e-05 I -0.1821227 5.7e-06 1.7039 0.0039 I -0.195 0.101 -0.221 0.34 0.14406 0.21305 -0.182112 -0.062 -0.242 -0.182112 B 0.14406 0.21305 B
7 9 28 54371.0 I 0.141529 2.4e-05 0.211081 4.8e-05 I -0.1837546 5.6e-06 1.5423 0.0042 I -0.199 0.101 -0.184 0.34 0.14152 0.2112 -0.183741 -0.102 -0.201 -0.183741 B 0.14152 0.2112 B
7 9 29 54372.0 I 0.138715 1.8e-05 0.209492 5.1e-05 I -0.1851742 6.2e-06 1.2815 0.0034 I -0.198 0.068 -0.177 0.34 0.13869 0.20952 -0.185184 -0.121 -0.156 -0.185184 B 0.13869 0.20952 B
7 9 30 54373.0 I 0.13614 2.6e-05 0.207808 5.4e-05 I -0.1863033 4e-06 0.9778 0.0036 I -0.202 0.049 -0.212 0.34 0.13612 0.20782 -0.186286 -0.127 -0.131 -0.186286 B 0.13612 0.20782 B
7 10 1 54374.0 I 0.133598 2.5e-05 0.206435 5.4e-05 I -0.1871341 3.6e-06 0.6872 0.0027 I -0.184 0.049 -0.262 0.34 0.13362 0.20648 -0.18714 -0.095 -0.152 -0.18714 B 0.13362 0.20648 B
7 10 2 54375.0 I 0.130618 2.4e-05 0.205306 3.2e-05 I -0.1877188 3.5e-06 0.5201 0.0028 I -0.159 0.294 -0.274 0.12 0.1306 0.20526 -0.187705 -0.077 -0.22 -0.187705 B 0.1306 0.20526 B
7 10 3 54376.0 I 0.127547 2.6e-05 0.203997 3.8e-05 I -0.188226 4.2e-06 0.5082 0.0027 I -0.138 0.06 -0.254 0.114 0.12755 0.20402 -0.188281 -0.065 -0.229 -0.188281 B 0.12755 0.20402 B
7 10 4 54377.0 I 0.124556 2.5e-05 0.202857 3.8e-05 I -0.1887596 4.2e-06 0.5694 0.003 I -0.115 0.06 -0.236 0.114 0.12456 0.20289 -0.188837 -0.045 -0.208 -0.188837 B 0.12456 0.20289 B
7 10 5 54378.0 I 0.121578 2.6e-05 0.201675 3.8e-05 I -0.1893742 4.3e-06 0.6588 0.0046 I -0.088 0.06 -0.224 0.114 0.12158 0.20167 -0.189386 -0.016 -0.227 -0.189386 B 0.12158 0.20167 B
7 10 6 54379.0 I 0.118628 1.8e-05 0.200511 2.6e-05 I -0.1900896 8.2e-06 0.7855 0.0047 I -0.106 0.069 -0.162 0.144 0.11862 0.20056 -0.190073 0.057 -0.199 -0.190073 B 0.11862 0.20056 B
7 10 7 54380.0 I 0.115712 1.8e-05 0.199334 2.5e-05 I -0.190952 8.3e-06 0.9326 0.0048 I -0.11 0.069 -0.139 0.144 0.1157 0.19937 -0.190951 0.1 -0.239 -0.190951 B 0.1157 0.19937 B
7 10 8 54381.0 I 0.11283 2.2e-05 0.198267 4.5e-05 I -0.191936 4.8e-06 1.0235 0.0047 I -0.123 0.055 -0.138 0.115 0.11282 0.19827 -0.191937 0.121 -0.209 -0.191937 B 0.11282 0.19827 B
7 10 9 54382.0 I 0.109809 1.7e-05 0.197513 4.2e-05 I -0.1929818 4.5e-06 1.063 0.0031 I -0.138 0.046 -0.15 0.34 0.10981 0.19756 -0.19298 0.053 -0.21 -0.19298 B 0.10981 0.19756 B
7 10 10 54383.0 I 0.106648 2.2e-05 0.196821 4.9e-05 I -0.1940619 4e-06 1.1022 0.0029 I -0.156 0.078 -0.147 0.34 0.10663 0.19681 -0.194052 -0.019 -0.266 -0.194052 B 0.10663 0.19681 B
7 10 11 54384.0 I 0.103328 2.2e-05 0.195946 4.8e-05 I -0.1951613 3.8e-06 1.0668 0.0027 I -0.174 0.078 -0.128 0.34 0.10331 0.19594 -0.195178 -0.131 -0.12 -0.195178 B 0.10331 0.19594 B
7 10 12 54385.0 I 0.100264 2.2e-05 0.195032 4.9e-05 I -0.1961648 3.7e-06 0.9395 0.0027 I -0.181 0.078 -0.118 0.34 0.10023 0.19505 -0.196171 -0.043 -0.094 -0.196171 B 0.10023 0.19505 B
7 10 13 54386.0 I 0.097553 2.2e-05 0.194261 4.9e-05 I -0.1970274 3.8e-06 0.7736 0.0028 I -0.18 0.078 -0.13 0.34 0.09755 0.19429 -0.197023 0.055 -0.017 -0.197023 B 0.09755 0.19429 B
7 10 14 54387.0 I 0.094884 1.8e-05 0.193573 3.6e-05 I -0.1977059 4.2e-06 0.5894 0.0024 I -0.175 0.096 -0.153 0.11 0.09488 0.19359 -0.1977 0.143 -0.017 -0.1977 B 0.09488 0.19359 B
7 10 15 54388.0 I 0.092038 1.8e-05 0.192981 3.7e-05 I -0.198226 2.8e-06 0.4647 0.003 I -0.162 0.082 -0.165 0.34 0.09204 0.193 -0.198228 0.107 -0.091 -0.198228 B 0.09204 0.193 B
7 10 16 54389.0 I 0.08896 1.2e-05 0.192557 2.5e-05 I -0.1986521 4.4e-06 0.3904 0.0027 I -0.145 0.294 -0.168 0.34 0.08894 0.19257 -0.198641 0.068 -0.14 -0.198641 B 0.08894 0.19257 B
7 10 17 54390.0 I 0.085872 2.3e-05 0.19209 4.4e-05 I -0.1990355 4.6e-06 0.4023 0.0033 I -0.125 0.041 -0.173 0.34 0.08587 0.19217 -0.199025 -0.02 -0.254 -0.199025 B 0.08587 0.19217 B
7 10 18 54391.0 I 0.082975 2.3e-05 0.191859 4.4e-05 I -0.1994841 4.9e-06 0.4963 0.0034 I -0.107 0.041 -0.173 0.34 0.08299 0.19187 -0.199516 -0.064 -0.191 -0.199516 B 0.08299 0.19187 B
7 10 19 54392.0 I 0.079939 2.3e-05 0.19139 4.5e-05 I -0.2000397 5.1e-06 0.625 0.0036 I -0.093 0.041 -0.157 0.34 0.0799 0.19149 -0.200043 -0.068 -0.179 -0.200043 B 0.0799 0.19149 B
7 10 20 54393.0 I 0.076638 2.3e-05 0.191022 4.4e-05 I -0.2007555 5.4e-06 0.8179 0.0037 I -0.108 0.294 -0.133 0.34 0.07664 0.19104 -0.200749 -0.091 -0.106 -0.200749 B 0.07664 0.19104 B
7 10 21 54394.0 I 0.073456 3e-05 0.190514 4e-05 I -0.2016841 5.3e-06 1.0366 0.0035 I -0.111 0.294 -0.128 0.111 0.07344 0.19053 -0.201681 -0.099 -0.095 -0.201681 B 0.07344 0.19053 B
7 10 22 54395.0 I 0.070781 3e-05 0.190148 4e-05 I -0.2028318 4.5e-06 1.2645 0.0034 I -0.122 0.294 -0.125 0.34 0.07076 0.19015 -0.202833 -0.108 -0.157 -0.202833 B 0.07076 0.19015 B
7 10 23 54396.0 I 0.068592 4.3e-05 0.190143 1.9e-05 I -0.2042216 4.4e-06 1.518 0.0029 I -0.148 0.294 -0.12 0.109 0.06861 0.19017 -0.204217 -0.092 -0.229 -0.204217 B 0.06861 0.19017 B
7 10 24 54397.0 I 0.066424 4.2e-05 0.190382 3.2e-05 I -0.2058413 3.6e-06 1.692 0.0027 I -0.174 0.294 -0.124 0.134 0.06643 0.19043 -0.205841 -0.089 -0.236 -0.205841 B 0.06643 0.19043 B
7 10 25 54398.0 I 0.064154 4.2e-05 0.190397 3.2e-05 I -0.2075338 3.3e-06 1.6505 0.0022 I -0.181 0.294 -0.119 0.134 0.0641 0.1904 -0.207538 -0.072 -0.225 -0.207538 B 0.0641 0.1904 B
7 10 26 54399.0 I 0.06154 4.3e-05 0.19006 3.2e-05 I -0.2090655 2.6e-06 1.3786 0.0025 I -0.179 0.294 -0.084 0.134 0.06157 0.19014 -0.209065 -0.087 -0.27 -0.209065 B 0.06157 0.19014 B
7 10 27 54400.0 I 0.05889 4.2e-05 0.190154 3.4e-05 I -0.2102551 3.7e-06 0.999 0.0018 I -0.2 0.294 -0.032 0.18 0.05887 0.19017 -0.210262 -0.167 -0.264 -0.210262 B 0.05887 0.19017 B
7 10 28 54401.0 I 0.056214 4.2e-05 0.190261 3.7e-05 I -0.2110834 2.5e-06 0.679 0.0024 I -0.212 0.052 -0.077 0.137 0.05621 0.19028 -0.211047 -0.214 -0.24 -0.211047 B 0.05621 0.19028 B
7 10 29 54402.0 I 0.053459 3.8e-05 0.190412 5e-05 I -0.2116658 2.9e-06 0.5171 0.002 I -0.186 0.107 -0.16 0.122 0.05346 0.19042 -0.211646 -0.239 -0.269 -0.211646 B 0.05346 0.19042 B
7 10 30 54403.0 I 0.050682 3.9e-05 0.190655 4.3e-05 I -0.2121587 3.1e-06 0.4783 0.0022 I -0.131 0.13 -0.19 0.34 0.05067 0.19072 -0.212159 -0.144 -0.243 -0.212159 B 0.05067 0.19072 B
7 10 31 54404.0 I 0.047687 3.8e-05 0.190894 4.2e-05 I -0.2126461 3.4e-06 0.5104 0.0024 I -0.095 0.13 -0.15 0.34 0.04779 0.191 -0.212646 0.054 -0.137 -0.212646 B 0.04779 0.191 B
7 11 1 54405.0 I 0.044851 3.8e-05 0.191043 4.2e-05 I -0.2132032 3.7e-06 0.6134 0.0027 I -0.087 0.13 -0.114 0.34 0.04482 0.19106 -0.213221 0.235 -0.039 -0.213221 B 0.04482 0.19106 B
7 11 2 54406.0 I 0.042314 3.8e-05 0.191096 4.3e-05 I -0.2138894 4.2e-06 0.7657 0.0043 I -0.083 0.13 -0.112 0.34 0.04229 0.19111 -0.213922 0.272 0.026 -0.213922 B 0.04229 0.19111 B
7 11 3 54407.0 I 0.040321 3.8e-05 0.191481 4.2e-05 I -0.2147393 7.8e-06 0.932 0.0032 I -0.093 0.188 -0.058 0.34 0.04033 0.19149 -0.21474 0.23 0.016 -0.21474 B 0.04033 0.19149 B
7 11 4 54408.0 I 0.038255 1.8e-05 0.192117 2.5e-05 I -0.2157255 4.8e-06 1.0144 0.0047 I -0.101 0.294 -0.032 0.174 0.03827 0.19216 -0.215723 0.109 -0.045 -0.215723 B 0.03827 0.19216 B
7 11 5 54409.0 I 0.035949 2.1e-05 0.192541 3.1e-05 I -0.2167472 5.1e-06 1.0339 0.0035 I -0.117 0.294 -0.016 0.174 0.03593 0.19258 -0.216755 0.012 -0.185 -0.216755 B 0.03593 0.19258 B
7 11 6 54410.0 I 0.034072 2.1e-05 0.192802 3.2e-05 I -0.2177923 5.2e-06 1.0502 0.0034 I -0.128 0.294 -0.024 0.174 0.03401 0.19279 -0.217788 -0.03 -0.227 -0.217788 B 0.03401 0.19279 B
7 11 7 54411.0 I 0.032284 3.4e-05 0.193081 3.9e-05 I -0.2188453 4.6e-06 1.0596 0.0033 I -0.132 0.085 -0.034 0.169 0.03231 0.19309 -0.218854 0.014 -0.231 -0.218854 B 0.03231 0.19309 B
7 11 8 54412.0 I 0.030214 3.3e-05 0.19325 3.9e-05 I -0.2198943 4.2e-06 1.0173 0.003 I -0.136 0.085 -0.035 0.169 0.03022 0.19327 -0.219912 0.053 -0.139 -0.219912 B 0.03022 0.19327 B
7 11 9 54413.0 I 0.027905 3.3e-05 0.193369 4e-05 I -0.2208419 3.9e-06 0.861 0.0036 I -0.136 0.085 -0.04 0.169 0.02782 0.19344 -0.220843 0.055 -0.153 -0.220843 B 0.02782 0.19344 B
7 11 10 54414.0 I 0.0253 3.4e-05 0.193433 3.7e-05 I -0.2216025 5.9e-06 0.6634 0.0028 I -0.158 0.141 -0.036 0.151 0.0253 0.19346 -0.221602 0.01 -0.121 -0.221602 B 0.0253 0.19346 B
7 11 11 54415.0 I 0.022781 3.4e-05 0.193556 3.2e-05 I -0.2221757 4.1e-06 0.4867 0.0034 I -0.146 0.111 -0.044 0.109 0.02278 0.19356 -0.222172 -0.042 -0.148 -0.222172 B 0.02278 0.19356 B
7 11 12 54416.0 I 0.019999 3.9e-05 0.194142 3.9e-05 I -0.2225896 3.4e-06 0.3512 0.0028 I -0.129 0.111 -0.039 0.109 0.01999 0.19418 -0.222599 -0.113 -0.187 -0.222599 B 0.01999 0.19418 B
7 11 13 54417.0 I 0.016933 2.9e-05 0.194707 3.6e-05 I -0.2229122 3.9e-06 0.3182 0.0023 I -0.11 0.069 -0.033 0.34 0.01696 0.19472 -0.222902 -0.098 -0.084 -0.222902 B 0.01696 0.19472 B
7 11 14 54418.0 I 0.014102 2.7e-05 0.194902 4.5e-05 I -0.2232586 3.1e-06 0.3831 0.0026 I -0.09 0.092 -0.036 0.34 0.01406 0.19495 -0.223272 -0.028 0.02 -0.223272 B 0.01406 0.19495 B
7 11 15 54419.0 I 0.011095 2.7e-05 0.195453 4.6e-05 I -0.2237215 3.5e-06 0.5771 0.0023 I -0.073 0.092 -0.036 0.34 0.01111 0.19549 -0.22374 0.031 0.083 -0.22374 B 0.01111 0.19549 B
7 11 16 54420.0 I 0.007905 2.7e-05 0.196054 4.7e-05 I -0.2244417 3.5e-06 0.8576 0.0027 I -0.061 0.092 -0.026 0.34 0.00791 0.19613 -0.22444 0.088 0.029 -0.22444 B 0.00791 0.19613 B
7 11 17 54421.0 I 0.004592 2.5e-05 0.196419 4.9e-05 I -0.2254322 4.1e-06 1.1247 0.0023 I -0.068 0.134 0.011 0.34 0.00458 0.19644 -0.225435 0.118 -0.087 -0.225435 B 0.00458 0.19644 B
