py/desiutil/data/iers_frozen.ecsv
# %ECSV 0.9
# ---
# datatype:
# - {name: year, datatype: int64, description: 'To get true calendar year, add 1900
#     forMJD<=51543 or add 2000 for MJD>=51544)'}
# - {name: month, datatype: int64, description: ''}
# - {name: day, datatype: int64, description: of month}
# - {name: MJD, unit: d, datatype: float64, description: fractional Modified Julian
#     Date (MJD UTC)}
# - {name: PolPMFlag_A, datatype: string, description: IERS (I) or Prediction (P) flag
#     forBull. A polar motion values}
# - {name: PM_x_A, unit: arcsec, datatype: float64, description: Bull. A PM-x}
# - {name: e_PM_x_A, unit: arcsec, datatype: float64, description: error in PM-x (sec.
#     of arc)}
# - {name: PM_y_A, unit: arcsec, datatype: float64, description: Bull. A PM-y (sec.
#     of arc)}
# - {name: e_PM_y_A, unit: arcsec, datatype: float64, description: error in PM-y (sec.
#     of arc)}
# - {name: UT1Flag_A, datatype: string, description: IERS (I) or Prediction (P) flag
#     forBull. A UT1-UTC values}
# - {name: UT1_UTC_A, unit: s, datatype: float64, description: Bull. A UT1-UTC (sec.
#     of time)}
# - {name: e_UT1_UTC_A, unit: s, datatype: float64, description: error in UT1-UTC (sec.
#     of time)}
# - {name: LOD_A, unit: ms, datatype: float64, description: Bull. A LOD (msec. of time)--
#     NOT ALWAYS FILLED}
# - {name: e_LOD_A, unit: ms, datatype: float64, description: error in LOD (msec. of
#     time)-- NOT ALWAYS FILLED}
# - {name: NutFlag_A, datatype: string, description: IERS (I) or Prediction (P) flag
#     forBull. A nutation values}
# - {name: dX_2000A_A, unit: marcsec, datatype: float64, description: Bull. A dX wrt
#     IAU2000A NutationFree Core Nutation NOT Removed}
# - {name: e_dX_2000A_A, unit: marcsec, datatype: float64, description: error in dX
#     (msec. of arc)}
# - {name: dY_2000A_A, unit: marcsec, datatype: float64, description: Bull. A dY wrt
#     IAU2000A NutationFree Core Nutation NOT Removed}
# - {name: e_dY_2000A_A, unit: marcsec, datatype: float64, description: error in dY
#     (msec. of arc)}
# - {name: PM_X_B, unit: arcsec, datatype: float64, description: Bull. B PM-x (sec.
#     of arc)}
# - {name: PM_Y_B, unit: arcsec, datatype: float64, description: Bull. B PM-y (sec.
#     of arc)}
# - {name: UT1_UTC_B, unit: s, datatype: float64, description: Bull. B UT1-UTC (sec.
#     of time)}
# - {name: dX_2000A_B, unit: marcsec, datatype: float64, description: Bull. B dX wrt
#     IAU2000A Nutation}
# - {name: dY_2000A_B, unit: marcsec, datatype: float64, description: Bull. B dY wrt
#     IAU2000A Nutation}
# - {name: UT1_UTC, unit: s, datatype: float64}
# - {name: UT1Flag, datatype: string}
# - {name: PM_x, unit: arcsec, datatype: float64}
# - {name: PM_y, unit: arcsec, datatype: float64}
# - {name: PolPMFlag, datatype: string}
# meta: !!omap
# - {data_url: frozen}
year month day MJD PolPMFlag_A PM_x_A e_PM_x_A PM_y_A e_PM_y_A UT1Flag_A UT1_UTC_A e_UT1_UTC_A LOD_A e_LOD_A NutFlag_A dX_2000A_A e_dX_2000A_A dY_2000A_A e_dY_2000A_A PM_X_B PM_Y_B UT1_UTC_B dX_2000A_B dY_2000A_B UT1_UTC UT1Flag PM_x PM_y PolPMFlag
[from data line 10342]
1 4 27 52026.0 I 0.155798 5.1e-05 0.471229 4.4e-05 I 0.0034021 9.1e-06 0.6227 0.0068 I -0.137 0.064 -0.321 0.145 0.15579 0.47094 0.003373 0.187 -0.243 0.003373 B 0.15579 0.47094 B
1 4 28 52027.0 I 0.157815 5e-05 0.469773 4.4e-05 I 0.002819 1.06e-05 0.5622 0.011 I -0.127 0.064 -0.318 0.145 0.1578 0.46949 0.002829 0.366 -0.267 0.002829 B 0.1578 0.46949 B
1 4 29 52028.0 I 0.159612 2.2e-05 0.468188 2.9e-05 I 0.0022427 2e-05 0.6068 0.007 I -0.111 0.294 -0.314 0.34 0.1596 0.46795 0.002251 0.476 -0.36 0.002251 B 0.1596 0.46795 B
1 4 30 52029.0 I 0.161453 4e-05 0.466446 5.1e-05 I 0.0015732 9e-06 0.7479 0.0108 I -0.104 0.126 -0.296 0.34 0.16146 0.4662 0.001554 0.444 -0.199 0.001554 B 0.16146 0.4662 B
1 5 1 52030.0 I 0.163365 7.2e-05 0.464507 9.1e-05 I 0.0007277 8.3e-06 0.9465 0.0062 I -0.114 0.121 -0.277 0.34 0.16317 0.46426 0.000696 0.251 -0.254 0.000696 B 0.16317 0.46426 B
1 5 2 52031.0 I 0.164959 7.1e-05 0.462725 9e-05 I -0.0003261 8.4e-06 1.1639 0.0059 I -0.128 0.121 -0.278 0.34 0.16495 0.4625 -0.000342 0.016 -0.309 -0.000342 B 0.16495 0.4625 B
1 5 3 52032.0 I 0.167286 7.2e-05 0.461486 9e-05 I -0.0015936 8.3e-06 1.3619 0.0056 I -0.15 0.133 -0.319 0.103 0.16717 0.46116 -0.001585 -0.127 -0.359 -0.001585 B 0.16717 0.46116 B
1 5 4 52033.0 I 0.16946 7.4e-05 0.460282 9.1e-05 I -0.0030354 7.5e-06 1.5163 0.0055 I -0.151 0.133 -0.324 0.103 0.16947 0.46006 -0.003034 -0.163 -0.596 -0.003034 B 0.16947 0.46006 B
1 5 5 52034.0 I 0.17174 7.4e-05 0.458707 9.1e-05 I -0.0045935 7.1e-06 1.5725 0.0053 I -0.158 0.133 -0.304 0.103 0.17171 0.45849 -0.004617 -0.037 -0.625 -0.004617 B 0.17171 0.45849 B
1 5 6 52035.0 I 0.173643 7e-05 0.456743 9e-05 I -0.0061333 7.5e-06 1.4874 0.0045 I -0.175 0.13 -0.288 0.13 0.17366 0.45656 -0.006166 0.088 -0.258 -0.006166 B 0.17366 0.45656 B
1 5 7 52036.0 I 0.175779 3.6e-05 0.45462 4e-05 I -0.0075371 5.5e-06 1.3086 0.0051 I -0.19 0.294 -0.293 0.103 0.17575 0.45443 -0.007552 0.041 -0.195 -0.007552 B 0.17575 0.45443 B
1 5 8 52037.0 I 0.17837 3.6e-05 0.452478 3.9e-05 I -0.0087406 7e-06 1.0999 0.0043 I -0.194 0.294 -0.306 0.103 0.1784 0.4523 -0.00875 -0.024 -0.205 -0.00875 B 0.1784 0.4523 B
1 5 9 52038.0 I 0.181161 3.7e-05 0.450258 4.1e-05 I -0.0097371 6.7e-06 0.8917 0.0047 I -0.186 0.294 -0.307 0.103 0.18119 0.45011 -0.009752 -0.084 -0.451 -0.009752 B 0.18119 0.45011 B
1 5 10 52039.0 I 0.183908 3.1e-05 0.448007 4e-05 I -0.0105321 6.4e-06 0.7078 0.0048 I -0.193 0.294 -0.332 0.34 0.18385 0.44787 -0.010544 -0.034 -0.547 -0.010544 B 0.18385 0.44787 B
1 5 11 52040.0 I 0.186567 3.1e-05 0.445916 4.1e-05 I -0.0111766 6.8e-06 0.5955 0.0057 I -0.186 0.294 -0.339 0.34 0.18652 0.44578 -0.011184 0.055 -0.572 -0.011184 B 0.18652 0.44578 B
1 5 12 52041.0 I 0.189171 2.8e-05 0.444237 2.2e-05 I -0.0117498 9.5e-06 0.5633 0.0055 I -0.177 0.294 -0.347 0.34 0.18913 0.44406 -0.011758 0.227 -0.583 -0.011758 B 0.18913 0.44406 B
1 5 13 52042.0 I 0.191408 6.6e-05 0.442726 3.8e-05 I -0.0123249 8.6e-06 0.5963 0.0061 I -0.16 0.294 -0.343 0.34 0.19138 0.44254 -0.012321 0.313 -0.536 -0.012321 B 0.19138 0.44254 B
1 5 14 52043.0 I 0.193319 6.9e-05 0.440952 4.6e-05 I -0.0129607 7.5e-06 0.6841 0.0053 I -0.139 0.092 -0.331 0.34 0.19324 0.44074 -0.012956 0.33 -0.517 -0.012956 B 0.19324 0.44074 B
1 5 15 52044.0 I 0.194806 7.7e-05 0.438798 6.3e-05 I -0.0137045 6.2e-06 0.806 0.0048 I -0.128 0.107 -0.317 0.113 0.19497 0.43862 -0.013718 0.253 -0.374 -0.013718 B 0.19497 0.43862 B
1 5 16 52045.0 I 0.196894 7.6e-05 0.436524 6.1e-05 I -0.0145697 6.1e-06 0.9189 0.0043 I -0.134 0.107 -0.293 0.113 0.19688 0.43633 -0.014587 0.137 -0.305 -0.014587 B 0.19688 0.43633 B
1 5 17 52046.0 I 0.198621 7.6e-05 0.433729 6.1e-05 I -0.0155377 6.1e-06 1.0181 0.004 I -0.158 0.107 -0.246 0.114 0.19868 0.43365 -0.015528 -0.021 -0.075 -0.015528 B 0.19868 0.43365 B
1 5 18 52047.0 I 0.200802 7.6e-05 0.430927 6.1e-05 I -0.0166009 5.1e-06 1.1022 0.0043 I -0.172 0.107 -0.234 0.114 0.20076 0.43071 -0.016613 -0.091 -0.052 -0.016613 B 0.20076 0.43071 B
1 5 19 52048.0 I 0.203171 5.3e-05 0.428094 5.8e-05 I -0.0177272 6.1e-06 1.1414 0.0038 I -0.181 0.129 -0.255 0.134 0.20318 0.42789 -0.017741 -0.017 -0.127 -0.017741 B 0.20318 0.42789 B
1 5 20 52049.0 I 0.205184 6e-05 0.425367 7.2e-05 I -0.0188628 5.5e-06 1.1179 0.0039 I -0.184 0.183 -0.286 0.155 0.20511 0.42518 -0.018862 0.026 -0.312 -0.018862 B 0.20511 0.42518 B
1 5 21 52050.0 I 0.206965 5.7e-05 0.42276 5.3e-05 I -0.0199418 4.9e-06 1.031 0.0037 I -0.185 0.166 -0.294 0.104 0.20691 0.42259 -0.019938 0.026 -0.394 -0.019938 B 0.20691 0.42259 B
1 5 22 52051.0 I 0.208756 5.5e-05 0.420328 5.3e-05 I -0.0209027 5e-06 0.8779 0.0034 I -0.186 0.166 -0.284 0.104 0.20885 0.42025 -0.020908 -0.029 -0.414 -0.020908 B 0.20885 0.42025 B
1 5 23 52052.0 I 0.210436 5.6e-05 0.418192 6.1e-05 I -0.0216784 4.8e-06 0.6671 0.0035 I -0.183 0.155 -0.277 0.111 0.21041 0.41804 -0.021694 -0.029 -0.308 -0.021694 B 0.21041 0.41804 B
1 5 24 52053.0 I 0.212049 5.7e-05 0.415815 6.2e-05 I -0.0222371 4.8e-06 0.4568 0.0032 I -0.165 0.155 -0.261 0.103 0.21189 0.41563 -0.022249 0.051 -0.286 -0.022249 B 0.21189 0.41563 B
1 5 25 52054.0 I 0.213266 5.8e-05 0.41329 6.3e-05 I -0.0226034 4.2e-06 0.2808 0.003 I -0.148 0.155 -0.253 0.103 0.21335 0.41312 -0.02261 0.165 -0.268 -0.02261 B 0.21335 0.41312 B
1 5 26 52055.0 I 0.214689 4.7e-05 0.410549 4.2e-05 I -0.0228239 3.6e-06 0.1805 0.0035 I -0.135 0.1 -0.249 0.34 0.21462 0.41037 -0.022833 0.336 -0.392 -0.022833 B 0.21462 0.41037 B
1 5 27 52056.0 I 0.215952 3.2e-05 0.407574 4.7e-05 I -0.0230032 5.6e-06 0.1968 0.0032 I -0.134 0.119 -0.255 0.114 0.21588 0.40735 -0.023012 0.442 -0.488 -0.023012 B 0.21588 0.40735 B
1 5 28 52057.0 I 0.217336 3.3e-05 0.404658 5.1e-05 I -0.0232466 5.3e-06 0.3006 0.0043 I -0.14 0.09 -0.257 0.34 0.21732 0.40448 -0.023258 0.401 -0.454 -0.023258 B 0.21732 0.40448 B
1 5 29 52058.0 I 0.219029 3.7e-05 0.401953 6.3e-05 I -0.0236179 6.5e-06 0.4449 0.0041 I -0.146 0.132 -0.237 0.117 0.21903 0.4018 -0.023635 0.237 -0.36 -0.023635 B 0.21903 0.4018 B
1 5 30 52059.0 I 0.220933 3.9e-05 0.399355 6.4e-05 I -0.024132 6.2e-06 0.5758 0.0045 I -0.149 0.132 -0.207 0.117 0.22093 0.39922 -0.024148 -0.01 -0.257 -0.024148 B 0.22093 0.39922 B
1 5 31 52060.0 I 0.222854 3.7e-05 0.396805 6.2e-05 I -0.0247485 6.2e-06 0.6435 0.0043 I -0.157 0.132 -0.224 0.34 0.22286 0.39666 -0.024758 -0.278 -0.099 -0.024758 B 0.22286 0.39666 B
1 6 1 52061.0 I 0.224472 3.7e-05 0.394226 6.3e-05 I -0.0253977 6.1e-06 0.6472 0.0049 I -0.168 0.132 -0.215 0.34 0.22442 0.39405 -0.025381 -0.469 -0.079 -0.025381 B 0.22442 0.39405 B
1 6 2 52062.0 I 0.225866 4.3e-05 0.391503 6.7e-05 I -0.0260177 7.5e-06 0.5753 0.0047 I -0.186 0.132 -0.211 0.34 0.22579 0.39134 -0.026001 -0.575 -0.063 -0.026001 B 0.22579 0.39134 B
1 6 3 52063.0 I 0.227218 6.7e-05 0.38865 7e-05 I -0.0265186 7.2e-06 0.4142 0.0049 I -0.205 0.131 -0.22 0.34 0.2272 0.38848 -0.026514 -0.508 -0.036 -0.026514 B 0.2272 0.38848 B
1 6 4 52064.0 I 0.228765 6.6e-05 0.385708 6.5e-05 I -0.0268287 6.2e-06 0.2007 0.005 I -0.22 0.061 -0.246 0.34 0.2287 0.38552 -0.026827 -0.137 0.002 -0.026827 B 0.2287 0.38552 B
1 6 5 52065.0 I 0.230315 6.6e-05 0.382663 6.3e-05 I -0.0269124 6.9e-06 -0.0358 0.0047 I -0.221 0.061 -0.27 0.34 0.23052 0.38255 -0.026895 -0.039 -0.131 -0.026895 B 0.23052 0.38255 B
1 6 6 52066.0 I 0.232404 6.5e-05 0.380153 6.1e-05 I -0.0267592 7e-06 -0.266 0.005 I -0.209 0.061 -0.271 0.34 0.23238 0.38006 -0.026766 -0.022 -0.199 -0.026766 B 0.23238 0.38006 B
1 6 7 52067.0 I 0.234504 6.5e-05 0.377471 6.2e-05 I -0.026402 7.2e-06 -0.4314 0.0045 I -0.168 0.07 -0.241 0.34 0.2344 0.3774 -0.026418 0.031 -0.4 -0.026418 B 0.2344 0.3774 B
1 6 8 52068.0 I 0.236437 6.4e-05 0.374961 6e-05 I -0.0259289 5.8e-06 -0.4994 0.0049 I -0.158 0.07 -0.236 0.34 0.23645 0.37473 -0.025951 0.162 -0.592 -0.025951 B 0.23645 0.37473 B
1 6 9 52069.0 I 0.23801 3.6e-05 0.372637 5.4e-05 I -0.0254335 6.7e-06 -0.4764 0.0048 I -0.145 0.084 -0.239 0.34 0.23798 0.37245 -0.025446 0.244 -0.738 -0.025446 B 0.23798 0.37245 B
1 6 10 52070.0 I 0.239159 3.2e-05 0.370215 5.3e-05 I -0.0250009 7.6e-06 -0.3791 0.0043 I -0.124 0.077 -0.236 0.108 0.23912 0.3701 -0.025009 0.297 -0.834 -0.025009 B 0.23912 0.3701 B
1 6 11 52071.0 I 0.240132 5.7e-05 0.367586 5.8e-05 I -0.0246895 5.4e-06 -0.2394 0.0049 I -0.11 0.052 -0.229 0.155 0.24014 0.36745 -0.024697 0.309 -0.916 -0.024697 B 0.24014 0.36745 B
1 6 12 52072.0 I 0.241085 5.6e-05 0.364864 7.7e-05 I -0.0245245 6.3e-06 -0.0925 0.0046 I -0.116 0.063 -0.222 0.154 0.24101 0.36463 -0.024531 0.178 -0.744 -0.024531 B 0.24101 0.36463 B
1 6 13 52073.0 I 0.241872 5.5e-05 0.36187 7.7e-05 I -0.0244998 7.4e-06 0.0404 0.0049 I -0.135 0.063 -0.208 0.154 0.24185 0.36172 -0.024503 0.001 -0.363 -0.024503 B 0.24185 0.36172 B
1 6 14 52074.0 I 0.243215 5.8e-05 0.358561 7.8e-05 I -0.0245857 7.4e-06 0.1143 0.0053 I -0.191 0.054 -0.146 0.172 0.24317 0.35855 -0.024596 -0.261 -0.157 -0.024596 B 0.24317 0.35855 B
1 6 15 52075.0 I 0.244819 5.9e-05 0.355444 7.8e-05 I -0.0247151 7.5e-06 0.1481 0.0059 I -0.196 0.054 -0.129 0.172 0.24482 0.3553 -0.024733 -0.348 0.044 -0.024733 B 0.24482 0.3553 B
1 6 16 52076.0 I 0.246276 8.6e-05 0.352506 7.4e-05 I -0.0248846 9.3e-06 0.19 0.0064 I -0.198 0.053 -0.156 0.196 0.24623 0.35233 -0.02489 -0.359 0.081 -0.02489 B 0.24623 0.35233 B
1 6 17 52077.0 I 0.247376 7.4e-05 0.349646 7e-05 I -0.0250859 1.04e-05 0.2043 0.0072 I -0.195 0.042 -0.2 0.183 0.24733 0.34955 -0.025073 -0.18 0.111 -0.025073 B 0.24733 0.34955 B
1 6 18 52078.0 I 0.248199 8e-05 0.346693 6.7e-05 I -0.0252772 1.11e-05 0.1705 0.0069 I -0.19 0.111 -0.213 0.128 0.24817 0.34656 -0.025265 -0.05 0.069 -0.025265 B 0.24817 0.34656 B
1 6 19 52079.0 I 0.248449 7.7e-05 0.343742 6.9e-05 I -0.0254097 9.1e-06 0.085 0.0073 I -0.192 0.119 -0.192 0.134 0.24848 0.34362 -0.025419 -0.027 -0.1 -0.025419 B 0.24848 0.34362 B
1 6 20 52080.0 I 0.248332 7.3e-05 0.340929 6.9e-05 I -0.0254323 9.4e-06 -0.0451 0.0066 I -0.199 0.119 -0.172 0.134 0.24835 0.34079 -0.025453 -0.019 -0.124 -0.025453 B 0.24835 0.34079 B
1 6 21 52081.0 I 0.248219 7.3e-05 0.338001 6.9e-05 I -0.0253322 9.6e-06 -0.1369 0.0064 I -0.2 0.122 -0.111 0.34 0.24827 0.33783 -0.025319 0.062 0.002 -0.025319 B 0.24827 0.33783 B
1 6 22 52082.0 I 0.248432 3.9e-05 0.335051 6.3e-05 I -0.0251785 8.6e-06 -0.1686 0.0066 I -0.181 0.122 -0.106 0.34 0.24843 0.3349 -0.025216 0.225 0.141 -0.025216 B 0.24843 0.3349 B
1 6 23 52083.0 I 0.248672 4e-05 0.332031 6.4e-05 I -0.0250104 9.2e-06 -0.154 0.0058 I -0.159 0.122 -0.1 0.34 0.24872 0.33189 -0.024987 0.233 0.018 -0.024987 B 0.24872 0.33189 B
1 6 24 52084.0 I 0.248941 4.2e-05 0.328978 7.2e-05 I -0.0248973 7.8e-06 -0.0592 0.0063 I -0.152 0.093 -0.107 0.34 0.24897 0.3288 -0.024817 0.179 -0.188 -0.024817 B 0.24897 0.3288 B
1 6 25 52085.0 I 0.249524 4.7e-05 0.325895 7.9e-05 I -0.0249205 8.5e-06 0.1209 0.0056 I -0.158 0.053 -0.117 0.34 0.24948 0.32573 -0.024856 0.111 -0.324 -0.024856 B 0.24948 0.32573 B
1 6 26 52086.0 I 0.250315 6.6e-05 0.322784 0.000103 I -0.0251573 8e-06 0.3557 0.0057 I -0.166 0.076 -0.111 0.34 0.25041 0.3226 -0.025146 0.003 -0.36 -0.025146 B 0.25041 0.3226 B
1 6 27 52087.0 I 0.251273 6.5e-05 0.319939 0.000103 I -0.0256221 7.7e-06 0.5613 0.0054 I -0.169 0.076 -0.084 0.34 0.25127 0.31977 -0.025633 -0.059 -0.214 -0.025633 B 0.25127 0.31977 B
1 6 28 52088.0 I 0.252021 6.5e-05 0.317215 0.000103 I -0.0262347 7.2e-06 0.6315 0.0051 I -0.212 0.086 -0.056 0.34 0.25194 0.31699 -0.026205 -0.253 -0.176 -0.026205 B 0.25194 0.31699 B
1 6 29 52089.0 I 0.25237 6.6e-05 0.314137 0.000104 I -0.0268376 6.6e-06 0.5593 0.0053 I -0.224 0.086 -0.028 0.34 0.25238 0.31392 -0.026805 -0.426 -0.088 -0.026805 B 0.25238 0.31392 B
1 6 30 52090.0 I 0.253002 5.8e-05 0.310918 9.2e-05 I -0.0273307 7.8e-06 0.4193 0.0052 I -0.242 0.103 -0.021 0.34 0.25299 0.31072 -0.027347 -0.52 -0.042 -0.027347 B 0.25299 0.31072 B
1 7 1 52091.0 I 0.253741 6.3e-05 0.307778 8.7e-05 I -0.027663 8.1e-06 0.2396 0.0058 I -0.258 0.169 -0.042 0.34 0.25378 0.30761 -0.027701 -0.457 -0.025 -0.027701 B 0.25378 0.30761 B
1 7 2 52092.0 I 0.253974 4.7e-05 0.304597 5.8e-05 I -0.027807 8.6e-06 0.0511 0.006 I -0.267 0.138 -0.081 0.34 0.25394 0.30443 -0.027837 -0.277 -0.117 -0.027837 B 0.25394 0.30443 B
1 7 3 52093.0 I 0.253762 4.6e-05 0.301348 5.7e-05 I -0.0277726 8.8e-06 -0.1151 0.0062 I -0.264 0.138 -0.11 0.34 0.25375 0.30119 -0.027789 -0.028 -0.148 -0.027789 B 0.25375 0.30119 B
1 7 4 52094.0 I 0.254224 4.5e-05 0.298391 5.6e-05 I -0.0275919 8.8e-06 -0.2358 0.0064 I -0.247 0.138 -0.114 0.34 0.25409 0.29823 -0.027616 0.122 -0.151 -0.027616 B 0.25409 0.29823 B
1 7 5 52095.0 I 0.254241 4.4e-05 0.295671 5.5e-05 I -0.0273216 9.2e-06 -0.2945 0.0065 I -0.263 0.167 -0.096 0.34 0.25429 0.29555 -0.027358 -0.271 -0.153 -0.027358 B 0.25429 0.29555 B
1 7 6 52096.0 I 0.25392 4.6e-05 0.292964 5.9e-05 I -0.027017 9.5e-06 -0.311 0.0082 I -0.246 0.167 -0.089 0.34 0.25389 0.29277 -0.027037 -0.427 -0.091 -0.027037 B 0.25389 0.29277 B
1 7 7 52097.0 I 0.253533 3.2e-05 0.290243 5.1e-05 I -0.0267174 1.35e-05 -0.2743 0.0061 I -0.231 0.294 -0.082 0.34 0.25353 0.29005 -0.026714 -0.46 -0.085 -0.026714 B 0.25353 0.29005 B
1 7 8 52098.0 I 0.252717 3.8e-05 0.287459 3.4e-05 I -0.0264878 7.5e-06 -0.1795 0.0078 I -0.214 0.294 -0.068 0.34 0.2527 0.28731 -0.026476 -0.394 -0.107 -0.026476 B 0.2527 0.28731 B
1 7 9 52099.0 I 0.251822 4.1e-05 0.284353 4.9e-05 I -0.0263561 7.9e-06 -0.0917 0.005 I -0.206 0.078 -0.057 0.127 0.25172 0.28414 -0.026359 -0.278 -0.213 -0.026359 B 0.25172 0.28414 B
1 7 10 52100.0 I 0.251695 4.1e-05 0.280996 5.2e-05 I -0.0262959 6.7e-06 -0.0296 0.0051 I -0.22 0.145 -0.066 0.101 0.25169 0.28076 -0.026321 -0.167 -0.219 -0.026321 B 0.25169 0.28076 B
1 7 11 52101.0 I 0.251953 4.2e-05 0.277823 5.2e-05 I -0.0262939 6.6e-06 0.0235 0.0046 I -0.242 0.145 -0.079 0.101 0.25198 0.27767 -0.026308 -0.133 -0.088 -0.026308 B 0.25198 0.27767 B
1 7 12 52102.0 I 0.251516 4.1e-05 0.274856 5e-05 I -0.0263422 6.4e-06 0.0746 0.0042 I -0.274 0.121 -0.074 0.104 0.25147 0.27462 -0.026344 -0.289 -0.131 -0.026344 B 0.25147 0.27462 B
1 7 13 52103.0 I 0.250986 4.2e-05 0.271929 5e-05 I -0.0264425 5.1e-06 0.1238 0.0045 I -0.272 0.121 -0.06 0.104 0.25088 0.27165 -0.026436 -0.472 -0.152 -0.026436 B 0.25088 0.27165 B
1 7 14 52104.0 I 0.250429 3.8e-05 0.269003 5.5e-05 I -0.0265748 6.2e-06 0.1281 0.0039 I -0.269 0.121 -0.078 0.104 0.25036 0.26879 -0.026584 -0.435 -0.25 -0.026584 B 0.25036 0.26879 B
1 7 15 52105.0 I 0.249498 4.1e-05 0.265883 4.1e-05 I -0.0266779 6e-06 0.0699 0.0053 I -0.265 0.175 -0.121 0.34 0.24947 0.26569 -0.026687 -0.305 -0.367 -0.026687 B 0.24947 0.26569 B
1 7 16 52106.0 I 0.248496 5.4e-05 0.26254 4e-05 I -0.0266999 8.6e-06 -0.0323 0.0048 I -0.257 0.126 -0.138 0.34 0.2485 0.26231 -0.026697 -0.153 -0.267 -0.026697 B 0.2485 0.26231 B
1 7 17 52107.0 I 0.248054 6.4e-05 0.259247 5.6e-05 I -0.0266057 7.4e-06 -0.1572 0.0056 I -0.251 0.126 -0.117 0.34 0.24802 0.25903 -0.026599 -0.094 -0.209 -0.026599 B 0.24802 0.25903 B
1 7 18 52108.0 I 0.247908 6.2e-05 0.256101 5.4e-05 I -0.026377 7.3e-06 -0.3075 0.0052 I -0.247 0.126 -0.091 0.34 0.24793 0.25593 -0.026384 -0.054 -0.109 -0.026384 B 0.24793 0.25593 B
1 7 19 52109.0 I 0.247895 6.1e-05 0.252896 5.4e-05 I -0.0259945 7.3e-06 -0.4463 0.0052 I -0.216 0.105 -0.088 0.34 0.24788 0.25278 -0.026036 0.193 0.158 -0.026036 B 0.24788 0.25278 B
1 7 20 52110.0 I 0.247653 6.2e-05 0.249824 5.5e-05 I -0.0255085 7.3e-06 -0.5128 0.0049 I -0.204 0.105 -0.074 0.34 0.24762 0.24963 -0.025532 0.426 0.521 -0.025532 B 0.24762 0.24963 B
1 7 21 52111.0 I 0.247133 5.5e-05 0.246752 5.8e-05 I -0.0250063 6.6e-06 -0.4672 0.0051 I -0.198 0.105 -0.063 0.34 0.24711 0.24651 -0.025007 0.493 0.65 -0.025007 B 0.24711 0.24651 B
1 7 22 52112.0 I 0.246317 6.2e-05 0.2437 7.7e-05 I -0.0246135 7.2e-06 -0.3034 0.0066 I -0.195 0.166 -0.067 0.138 0.24631 0.24348 -0.024596 0.434 0.453 -0.024596 B 0.24631 0.24348 B
