py/desiutil/data/iers_frozen.ecsv
# %ECSV 0.9
# ---
# datatype:
# - {name: year, datatype: int64, description: 'To get true calendar year, add 1900
#     forMJD<=51543 or add 2000 for MJD>=51544)'}
# - {name: month, datatype: int64, description: ''}
# - {name: day, datatype: int64, description: of month}
# - {name: MJD, unit: d, datatype: float64, description: fractional Modified Julian
#     Date (MJD UTC)}
# - {name: PolPMFlag_A, datatype: string, description: IERS (I) or Prediction (P) flag
#     forBull. A polar motion values}
# - {name: PM_x_A, unit: arcsec, datatype: float64, description: Bull. A PM-x}
# - {name: e_PM_x_A, unit: arcsec, datatype: float64, description: error in PM-x (sec.
#     of arc)}
# - {name: PM_y_A, unit: arcsec, datatype: float64, description: Bull. A PM-y (sec.
#     of arc)}
# - {name: e_PM_y_A, unit: arcsec, datatype: float64, description: error in PM-y (sec.
#     of arc)}
# - {name: UT1Flag_A, datatype: string, description: IERS (I) or Prediction (P) flag
#     forBull. A UT1-UTC values}
# - {name: UT1_UTC_A, unit: s, datatype: float64, description: Bull. A UT1-UTC (sec.
#     of time)}
# - {name: e_UT1_UTC_A, unit: s, datatype: float64, description: error in UT1-UTC (sec.
#     of time)}
# - {name: LOD_A, unit: ms, datatype: float64, description: Bull. A LOD (msec. of time)--
#     NOT ALWAYS FILLED}
# - {name: e_LOD_A, unit: ms, datatype: float64, description: error in LOD (msec. of
#     time)-- NOT ALWAYS FILLED}
# - {name: NutFlag_A, datatype: string, description: IERS (I) or Prediction (P) flag
#     forBull. A nutation values}
# - {name: dX_2000A_A, unit: marcsec, datatype: float64, description: Bull. A dX wrt
#     IAU2000A NutationFree Core Nutation NOT Removed}
# - {name: e_dX_2000A_A, unit: marcsec, datatype: float64, description: error in dX
#     (msec. of arc)}
# - {name: dY_2000A_A, unit: marcsec, datatype: float64, description: Bull. A dY wrt
#     IAU2000A NutationFree Core Nutation NOT Removed}
# - {name: e_dY_2000A_A, unit: marcsec, datatype: float64, description: error in dY
#     (msec. of arc)}
# - {name: PM_X_B, unit: arcsec, datatype: float64, description: Bull. B PM-x (sec.
#     of arc)}
# - {name: PM_Y_B, unit: arcsec, datatype: float64, description: Bull. B PM-y (sec.
#     of arc)}
# - {name: UT1_UTC_B, unit: s, datatype: float64, description: Bull. B UT1-UTC (sec.
#     of time)}
# - {name: dX_2000A_B, unit: marcsec, datatype: float64, description: Bull. B dX wrt
#     IAU2000A Nutation}
# - {name: dY_2000A_B, unit: marcsec, datatype: float64, description: Bull. B dY wrt
#     IAU2000A Nutation}
# - {name: UT1_UTC, unit: s, datatype: float64}
# - {name: UT1Flag, datatype: string}
# - {name: PM_x, unit: arcsec, datatype: float64}
# - {name: PM_y, unit: arcsec, datatype: float64}
# - {name: PolPMFlag, datatype: string}
# meta: !!omap
# - {data_url: frozen}
year month day MJD PolPMFlag_A PM_x_A e_PM_x_A PM_y_A e_PM_y_A UT1Flag_A UT1_UTC_A e_UT1_UTC_A LOD_A e_LOD_A NutFlag_A dX_2000A_A e_dX_2000A_A dY_2000A_A e_dY_2000A_A PM_X_B PM_Y_B UT1_UTC_B dX_2000A_B dY_2000A_B UT1_UTC UT1Flag PM_x PM_y PolPMFlag
[from data line 16478]
18 2 13 58162.0 P 0.02174 0.015046 0.326897 0.023465 P 0.1357094 0.020703 1e+20 1e+20 N 1e+20 1e+20 1e+20 1e+20 1e+20 1e+20 1e+20 1e+20 1e+20 0.1357094 P 0.02174 0.326897 P
18 2 14 58163.0 P 0.021033 0.015076 0.3282 0.023525 P 0.1344872 0.0207584 1e+20 1e+20 N 1e+20 1e+20 1e+20 1e+20 1e+20 1e+20 1e+20 1e+20 1e+20 0.1344872 P 0.021033 0.3282 P
18 2 15 58164.0 P 0.02035 0.015106 0.329515 0.023584 P 0.1331876 0.0208138 1e+20 1e+20 N 1e+20 1e+20 1e+20 1e+20 1e+20 1e+20 1e+20 1e+20 1e+20 0.1331876 P 0.02035 0.329515 P
18 2 16 58165.0 P 0.019694 0.015136 0.33084 0.023643 P 0.1317696 0.0208691 1e+20 1e+20 N 1e+20 1e+20 1e+20 1e+20 1e+20 1e+20 1e+20 1e+20 1e+20 0.1317696 P 0.019694 0.33084 P
18 2 17 58166.0 P 0.019063 0.015166 0.332176 0.023702 P 0.1302051 0.0209243 1e+20 1e+20 N 1e+20 1e+20 1e+20 1e+20 1e+20 1e+20 1e+20 1e+20 1e+20 0.1302051 P 0.019063 0.332176 P
18 2 18 58167.0 P 0.018458 0.015196 0.333522 0.023761 P 0.1285062 0.0209795 1e+20 1e+20 N 1e+20 1e+20 1e+20 1e+20 1e+20 1e+20 1e+20 1e+20 1e+20 0.1285062 P 0.018458 0.333522 P
18 2 19 58168.0 P 0.01788 0.015226 0.334878 0.02382 P 0.1267019 0.0210347 1e+20 1e+20 N 1e+20 1e+20 1e+20 1e+20 1e+20 1e+20 1e+20 1e+20 1e+20 0.1267019 P 0.01788 0.334878 P
18 2 20 58169.0 P 0.017327 0.015255 0.336244 0.023879 P 0.1248749 0.0210898 1e+20 1e+20 N 1e+20 1e+20 1e+20 1e+20 1e+20 1e+20 1e+20 1e+20 1e+20 0.1248749 P 0.017327 0.336244 P
18 2 21 58170.0 P 0.016801 0.015285 0.337618 0.023938 P 0.1230563 0.0211449 1e+20 1e+20 N 1e+20 1e+20 1e+20 1e+20 1e+20 1e+20 1e+20 1e+20 1e+20 0.1230563 P 0.016801 0.337618 P
18 2 22 58171.0 P 0.016302 0.015315 0.339 0.023997 P 0.1212643 0.0211999 1e+20 1e+20 N 1e+20 1e+20 1e+20 1e+20 1e+20 1e+20 1e+20 1e+20 1e+20 0.1212643 P 0.016302 0.339 P
18 2 23 58172.0 P 0.01583 0.015345 0.340391 0.024055 P 0.1195713 0.0212548 1e+20 1e+20 N 1e+20 1e+20 1e+20 1e+20 1e+20 1e+20 1e+20 1e+20 1e+20 0.1195713 P 0.01583 0.340391 P
18 2 24 58173.0 P 0.015384 0.015374 0.34179 0.024114 P 0.1180237 0.0213098 1e+20 1e+20 N 1e+20 1e+20 1e+20 1e+20 1e+20 1e+20 1e+20 1e+20 1e+20 0.1180237 P 0.015384 0.34179 P
18 2 25 58174.0 P 0.014965 0.015404 0.343195 0.024173 P 0.1166222 0.0213646 1e+20 1e+20 N 1e+20 1e+20 1e+20 1e+20 1e+20 1e+20 1e+20 1e+20 1e+20 0.1166222 P 0.014965 0.343195 P
18 2 26 58175.0 P 0.014574 0.015433 0.344607 0.024231 P 0.1153082 0.0214195 1e+20 1e+20 N 1e+20 1e+20 1e+20 1e+20 1e+20 1e+20 1e+20 1e+20 1e+20 0.1153082 P 0.014574 0.344607 P
18 2 27 58176.0 P 0.01421 0.015463 0.346026 0.02429 P 0.1140037 0.0214742 1e+20 1e+20 N 1e+20 1e+20 1e+20 1e+20 1e+20 1e+20 1e+20 1e+20 1e+20 0.1140037 P 0.01421 0.346026 P
18 2 28 58177.0 P 0.013873 0.015492 0.347451 0.024348 P 0.1126418 0.021529 1e+20 1e+20 N 1e+20 1e+20 1e+20 1e+20 1e+20 1e+20 1e+20 1e+20 1e+20 0.1126418 P 0.013873 0.347451 P
18 3 1 58178.0 P 0.013563 0.015522 0.348881 0.024407 P 0.1111209 0.0215837 1e+20 1e+20 N 1e+20 1e+20 1e+20 1e+20 1e+20 1e+20 1e+20 1e+20 1e+20 0.1111209 P 0.013563 0.348881 P
18 3 2 58179.0 P 0.013281 0.015551 0.350316 0.024465 P 0.1093854 0.0216383 1e+20 1e+20 N 1e+20 1e+20 1e+20 1e+20 1e+20 1e+20 1e+20 1e+20 1e+20 0.1093854 P 0.013281 0.350316 P
18 3 3 58180.0 P 0.013027 0.01558 0.351755 0.024523 P 0.1075089 0.0216929 1e+20 1e+20 N 1e+20 1e+20 1e+20 1e+20 1e+20 1e+20 1e+20 1e+20 1e+20 0.1075089 P 0.013027 0.351755 P
18 3 4 58181.0 P 0.0128 0.01561 0.353199 0.024582 P 0.1055801 0.0217474 1e+20 1e+20 N 1e+20 1e+20 1e+20 1e+20 1e+20 1e+20 1e+20 1e+20 1e+20 0.1055801 P 0.0128 0.353199 P
18 3 5 58182.0 P 0.012601 0.015639 0.354647 0.02464 P 0.1036941 0.0218019 1e+20 1e+20 N 1e+20 1e+20 1e+20 1e+20 1e+20 1e+20 1e+20 1e+20 1e+20 0.1036941 P 0.012601 0.354647 P
18 3 6 58183.0 P 0.01243 0.015668 0.356098 0.024698 P 0.1019278 0.0218564 1e+20 1e+20 N 1e+20 1e+20 1e+20 1e+20 1e+20 1e+20 1e+20 1e+20 1e+20 0.1019278 P 0.01243 0.356098 P
18 3 7 58184.0 P 0.012286 0.015697 0.357551 0.024756 P 0.1002969 0.0219108 1e+20 1e+20 N 1e+20 1e+20 1e+20 1e+20 1e+20 1e+20 1e+20 1e+20 1e+20 0.1002969 P 0.012286 0.357551 P
18 3 8 58185.0 P 0.012171 0.015726 0.359007 0.024814 P 0.0988214 0.0219652 1e+20 1e+20 N 1e+20 1e+20 1e+20 1e+20 1e+20 1e+20 1e+20 1e+20 1e+20 0.0988214 P 0.012171 0.359007 P
18 3 9 58186.0 P 0.012083 0.015756 0.360465 0.024872 P 0.0974745 0.0220195 1e+20 1e+20 N 1e+20 1e+20 1e+20 1e+20 1e+20 1e+20 1e+20 1e+20 1e+20 0.0974745 P 0.012083 0.360465 P
18 3 10 58187.0 P 0.012023 0.015785 0.361925 0.02493 P 0.0961853 0.0220738 1e+20 1e+20 N 1e+20 1e+20 1e+20 1e+20 1e+20 1e+20 1e+20 1e+20 1e+20 0.0961853 P 0.012023 0.361925 P
18 3 11 58188.0 P 0.011991 0.015814 0.363385 0.024988 P 0.0948855 0.022128 1e+20 1e+20 N 1e+20 1e+20 1e+20 1e+20 1e+20 1e+20 1e+20 1e+20 1e+20 0.0948855 P 0.011991 0.363385 P
18 3 12 58189.0 P 0.011987 0.015843 0.364846 0.025046 P 0.0935836 0.0221822 1e+20 1e+20 N 1e+20 1e+20 1e+20 1e+20 1e+20 1e+20 1e+20 1e+20 1e+20 0.0935836 P 0.011987 0.364846 P
18 3 13 58190.0 P 0.012011 0.015871 0.366307 0.025103 P 0.0922559 0.0222363 1e+20 1e+20 N 1e+20 1e+20 1e+20 1e+20 1e+20 1e+20 1e+20 1e+20 1e+20 0.0922559 P 0.012011 0.366307 P
18 3 14 58191.0 P 0.012063 0.0159 0.367768 0.025161 P 0.0907916 0.0222904 1e+20 1e+20 N 1e+20 1e+20 1e+20 1e+20 1e+20 1e+20 1e+20 1e+20 1e+20 0.0907916 P 0.012063 0.367768 P
18 3 15 58192.0 P 0.012142 0.015929 0.369229 0.025219 P 0.0891319 0.0223444 1e+20 1e+20 N 1e+20 1e+20 1e+20 1e+20 1e+20 1e+20 1e+20 1e+20 1e+20 0.0891319 P 0.012142 0.369229 P
18 3 16 58193.0 P 0.01225 0.015958 0.370688 0.025276 P 0.0873479 0.0223985 1e+20 1e+20 N 1e+20 1e+20 1e+20 1e+20 1e+20 1e+20 1e+20 1e+20 1e+20 0.0873479 P 0.01225 0.370688 P
18 3 17 58194.0 P 0.012385 0.015987 0.372145 0.025334 P 0.0854368 0.0224524 1e+20 1e+20 N 1e+20 1e+20 1e+20 1e+20 1e+20 1e+20 1e+20 1e+20 1e+20 0.0854368 P 0.012385 0.372145 P
18 3 18 58195.0 P 0.012548 0.016015 0.3736 0.025392 P 0.0833933 0.0225063 1e+20 1e+20 N 1e+20 1e+20 1e+20 1e+20 1e+20 1e+20 1e+20 1e+20 1e+20 0.0833933 P 0.012548 0.3736 P
18 3 19 58196.0 P 0.012738 0.016044 0.375053 0.025449 P 0.0812141 0.0225602 1e+20 1e+20 N 1e+20 1e+20 1e+20 1e+20 1e+20 1e+20 1e+20 1e+20 1e+20 0.0812141 P 0.012738 0.375053 P
18 3 20 58197.0 P 0.012956 0.016073 0.376503 0.025506 P 0.0789585 0.022614 1e+20 1e+20 N 1e+20 1e+20 1e+20 1e+20 1e+20 1e+20 1e+20 1e+20 1e+20 0.0789585 P 0.012956 0.376503 P
18 3 21 58198.0 P 0.013202 0.016101 0.37795 0.025564 P 0.0766922 0.0226678 1e+20 1e+20 N 1e+20 1e+20 1e+20 1e+20 1e+20 1e+20 1e+20 1e+20 1e+20 0.0766922 P 0.013202 0.37795 P
18 3 22 58199.0 P 0.013474 0.01613 0.379392 0.025621 P 0.0744636 0.0227216 1e+20 1e+20 N 1e+20 1e+20 1e+20 1e+20 1e+20 1e+20 1e+20 1e+20 1e+20 0.0744636 P 0.013474 0.379392 P
18 3 23 58200.0 P 0.013775 0.016159 0.380831 0.025678 P 0.0723916 0.0227753 1e+20 1e+20 N 1e+20 1e+20 1e+20 1e+20 1e+20 1e+20 1e+20 1e+20 1e+20 0.0723916 P 0.013775 0.380831 P
18 3 24 58201.0 P 0.014102 0.016187 0.382264 0.025736 P 0.0704894 0.022829 1e+20 1e+20 N 1e+20 1e+20 1e+20 1e+20 1e+20 1e+20 1e+20 1e+20 1e+20 0.0704894 P 0.014102 0.382264 P
18 3 25 58202.0 P 0.014457 0.016215 0.383693 0.025793 P 0.0686494 0.0228826 1e+20 1e+20 N 1e+20 1e+20 1e+20 1e+20 1e+20 1e+20 1e+20 1e+20 1e+20 0.0686494 P 0.014457 0.383693 P
18 3 26 58203.0 P 0.014838 0.016244 0.385116 0.02585 P 0.0668341 0.0229362 1e+20 1e+20 N 1e+20 1e+20 1e+20 1e+20 1e+20 1e+20 1e+20 1e+20 1e+20 0.0668341 P 0.014838 0.385116 P
18 3 27 58204.0 P 0.015247 0.016272 0.386533 0.025907 P 0.0650109 0.0229897 1e+20 1e+20 N 1e+20 1e+20 1e+20 1e+20 1e+20 1e+20 1e+20 1e+20 1e+20 0.0650109 P 0.015247 0.386533 P
18 3 28 58205.0 P 0.015682 0.016301 0.387943 0.025964 P 0.0631024 0.0230432 1e+20 1e+20 N 1e+20 1e+20 1e+20 1e+20 1e+20 1e+20 1e+20 1e+20 1e+20 0.0631024 P 0.015682 0.387943 P
18 3 29 58206.0 P 0.016144 0.016329 0.389347 0.026021 P 0.0610832 0.0230966 1e+20 1e+20 N 1e+20 1e+20 1e+20 1e+20 1e+20 1e+20 1e+20 1e+20 1e+20 0.0610832 P 0.016144 0.389347 P
18 3 30 58207.0 P 0.016632 0.016357 0.390743 0.026078 P 0.058992 0.02315 1e+20 1e+20 N 1e+20 1e+20 1e+20 1e+20 1e+20 1e+20 1e+20 1e+20 1e+20 0.058992 P 0.016632 0.390743 P
18 3 31 58208.0 P 0.017147 0.016385 0.392131 0.026135 P 0.0568712 0.0232034 1e+20 1e+20 N 1e+20 1e+20 1e+20 1e+20 1e+20 1e+20 1e+20 1e+20 1e+20 0.0568712 P 0.017147 0.392131 P
18 4 1 58209.0 P 0.017687 0.016414 0.393512 0.026191 P 0.054761 0.0232567 1e+20 1e+20 N 1e+20 1e+20 1e+20 1e+20 1e+20 1e+20 1e+20 1e+20 1e+20 0.054761 P 0.017687 0.393512 P
18 4 2 58210.0 P 0.018254 0.016442 0.394884 0.026248 P 0.0527732 0.02331 1e+20 1e+20 N 1e+20 1e+20 1e+20 1e+20 1e+20 1e+20 1e+20 1e+20 1e+20 0.0527732 P 0.018254 0.394884 P
18 4 3 58211.0 P 0.018846 0.01647 0.396246 0.026305 P 0.0509334 0.0233633 1e+20 1e+20 N 1e+20 1e+20 1e+20 1e+20 1e+20 1e+20 1e+20 1e+20 1e+20 0.0509334 P 0.018846 0.396246 P
18 4 4 58212.0 P 0.019464 0.016498 0.3976 0.026362 P 0.049234 0.0234165 1e+20 1e+20 N 1e+20 1e+20 1e+20 1e+20 1e+20 1e+20 1e+20 1e+20 1e+20 0.049234 P 0.019464 0.3976 P
18 4 5 58213.0 P 0.020107 0.016526 0.398943 0.026418 P 0.0476784 0.0234697 1e+20 1e+20 N 1e+20 1e+20 1e+20 1e+20 1e+20 1e+20 1e+20 1e+20 1e+20 0.0476784 P 0.020107 0.398943 P
18 4 6 58214.0 P 0.020776 0.016554 0.400277 0.026475 P 0.0462141 0.0235228 1e+20 1e+20 N 1e+20 1e+20 1e+20 1e+20 1e+20 1e+20 1e+20 1e+20 1e+20 0.0462141 P 0.020776 0.400277 P
18 4 7 58215.0 P 0.021469 0.016582 0.4016 0.026531 P 0.044864 0.0235759 1e+20 1e+20 N 1e+20 1e+20 1e+20 1e+20 1e+20 1e+20 1e+20 1e+20 1e+20 0.044864 P 0.021469 0.4016 P
18 4 8 58216.0 P 0.022187 0.01661 0.402911 0.026588 P 0.0435337 0.0236289 1e+20 1e+20 N 1e+20 1e+20 1e+20 1e+20 1e+20 1e+20 1e+20 1e+20 1e+20 0.0435337 P 0.022187 0.402911 P
18 4 9 58217.0 P 0.02293 0.016638 0.404212 0.026644 P 0.0421626 0.0236819 1e+20 1e+20 N 1e+20 1e+20 1e+20 1e+20 1e+20 1e+20 1e+20 1e+20 1e+20 0.0421626 P 0.02293 0.404212 P
18 4 10 58218.0 P 0.023697 0.016666 0.4055 0.026701 P 0.0407234 0.0237349 1e+20 1e+20 N 1e+20 1e+20 1e+20 1e+20 1e+20 1e+20 1e+20 1e+20 1e+20 0.0407234 P 0.023697 0.4055 P
18 4 11 58219.0 P 0.024488 0.016694 0.406776 0.026757 P 0.0391519 0.0237878 1e+20 1e+20 N 1e+20 1e+20 1e+20 1e+20 1e+20 1e+20 1e+20 1e+20 1e+20 0.0391519 P 0.024488 0.406776 P
18 4 12 58220.0 P 0.025302 0.016721 0.40804 0.026813 P 0.0374236 0.0238407 1e+20 1e+20 N 1e+20 1e+20 1e+20 1e+20 1e+20 1e+20 1e+20 1e+20 1e+20 0.0374236 P 0.025302 0.40804 P
18 4 13 58221.0 P 0.02614 0.016749 0.409291 0.02687 P 0.0355452 0.0238935 1e+20 1e+20 N 1e+20 1e+20 1e+20 1e+20 1e+20 1e+20 1e+20 1e+20 1e+20 0.0355452 P 0.02614 0.409291 P
18 4 14 58222.0 P 0.027002 0.016777 0.410528 0.026926 P 0.0334966 0.0239463 1e+20 1e+20 N 1e+20 1e+20 1e+20 1e+20 1e+20 1e+20 1e+20 1e+20 1e+20 0.0334966 P 0.027002 0.410528 P
18 4 15 58223.0 P 0.027886 0.016805 0.411752 0.026982 P 0.0312753 0.0239991 1e+20 1e+20 N 1e+20 1e+20 1e+20 1e+20 1e+20 1e+20 1e+20 1e+20 1e+20 0.0312753 P 0.027886 0.411752 P
18 4 16 58224.0 P 0.028793 0.016832 0.412961 0.027038 P 0.0289537 0.0240518 1e+20 1e+20 N 1e+20 1e+20 1e+20 1e+20 1e+20 1e+20 1e+20 1e+20 1e+20 0.0289537 P 0.028793 0.412961 P
18 4 17 58225.0 P 0.029723 0.01686 0.414157 0.027094 P 0.0266268 0.0241045 1e+20 1e+20 N 1e+20 1e+20 1e+20 1e+20 1e+20 1e+20 1e+20 1e+20 1e+20 0.0266268 P 0.029723 0.414157 P
18 4 18 58226.0 P 0.030675 0.016888 0.415337 0.02715 P 0.0243797 0.0241572 1e+20 1e+20 N 1e+20 1e+20 1e+20 1e+20 1e+20 1e+20 1e+20 1e+20 1e+20 0.0243797 P 0.030675 0.415337 P
18 4 19 58227.0 P 0.031648 0.016915 0.416502 0.027206 P 0.0222612 0.0242098 1e+20 1e+20 N 1e+20 1e+20 1e+20 1e+20 1e+20 1e+20 1e+20 1e+20 1e+20 0.0222612 P 0.031648 0.416502 P
18 4 20 58228.0 P 0.032643 0.016943 0.417651 0.027262 P 0.020248 0.0242624 1e+20 1e+20 N 1e+20 1e+20 1e+20 1e+20 1e+20 1e+20 1e+20 1e+20 1e+20 0.020248 P 0.032643 0.417651 P
18 4 21 58229.0 P 0.033659 0.01697 0.418785 0.027318 P 0.0183012 0.0243149 1e+20 1e+20 N 1e+20 1e+20 1e+20 1e+20 1e+20 1e+20 1e+20 1e+20 1e+20 0.0183012 P 0.033659 0.418785 P
18 4 22 58230.0 P 0.034696 0.016998 0.419903 0.027374 P 0.0163974 0.0243674 1e+20 1e+20 N 1e+20 1e+20 1e+20 1e+20 1e+20 1e+20 1e+20 1e+20 1e+20 0.0163974 P 0.034696 0.419903 P
18 4 23 58231.0 P 0.035754 0.017025 0.421003 0.02743 P 0.014482 0.0244199 1e+20 1e+20 N 1e+20 1e+20 1e+20 1e+20 1e+20 1e+20 1e+20 1e+20 1e+20 0.014482 P 0.035754 0.421003 P
18 4 24 58232.0 P 0.036832 0.017052 0.422087 0.027486 P 0.0124552 0.0244723 1e+20 1e+20 N 1e+20 1e+20 1e+20 1e+20 1e+20 1e+20 1e+20 1e+20 1e+20 0.0124552 P 0.036832 0.422087 P
18 4 25 58233.0 P 0.037929 0.01708 0.423154 0.027541 P 0.010286 0.0245247 1e+20 1e+20 N 1e+20 1e+20 1e+20 1e+20 1e+20 1e+20 1e+20 1e+20 1e+20 0.010286 P 0.037929 0.423154 P
18 4 26 58234.0 P 0.039047 0.017107 0.424203 0.027597 P 0.0080117 0.024577 1e+20 1e+20 N 1e+20 1e+20 1e+20 1e+20 1e+20 1e+20 1e+20 1e+20 1e+20 0.0080117 P 0.039047 0.424203 P
18 4 27 58235.0 P 0.040183 0.017134 0.425235 0.027653 P 0.0056463 0.0246293 1e+20 1e+20 N 1e+20 1e+20 1e+20 1e+20 1e+20 1e+20 1e+20 1e+20 1e+20 0.0056463 P 0.040183 0.425235 P
18 4 28 58236.0 P 0.041338 0.017162 0.426248 0.027708 P 0.0032526 0.0246816 1e+20 1e+20 N 1e+20 1e+20 1e+20 1e+20 1e+20 1e+20 1e+20 1e+20 1e+20 0.0032526 P 0.041338 0.426248 P
18 4 29 58237.0 P 0.042512 0.017189 0.427243 0.027764 P 0.000864 0.0247338 1e+20 1e+20 N 1e+20 1e+20 1e+20 1e+20 1e+20 1e+20 1e+20 1e+20 1e+20 0.000864 P 0.042512 0.427243 P
18 4 30 58238.0 P 0.043704 0.017216 0.428218 0.027819 P -0.0014763 0.024786 1e+20 1e+20 N 1e+20 1e+20 1e+20 1e+20 1e+20 1e+20 1e+20 1e+20 1e+20 -0.0014763 P 0.043704 0.428218 P
18 5 1 58239.0 P 0.044914 0.017243 0.429175 0.027875 P -0.0036848 0.0248382 1e+20 1e+20 N 1e+20 1e+20 1e+20 1e+20 1e+20 1e+20 1e+20 1e+20 1e+20 -0.0036848 P 0.044914 0.429175 P
18 5 2 58240.0 P 0.046141 0.01727 0.430113 0.02793 P -0.0056795 0.0248903 1e+20 1e+20 N 1e+20 1e+20 1e+20 1e+20 1e+20 1e+20 1e+20 1e+20 1e+20 -0.0056795 P 0.046141 0.430113 P
18 5 3 58241.0 P 0.047385 0.017298 0.431031 0.027986 P -0.0074422 0.0249424 1e+20 1e+20 N 1e+20 1e+20 1e+20 1e+20 1e+20 1e+20 1e+20 1e+20 1e+20 -0.0074422 P 0.047385 0.431031 P
18 5 4 58242.0 P 0.048645 0.017325 0.431929 0.028041 P -0.00904 0.0249945 1e+20 1e+20 N 1e+20 1e+20 1e+20 1e+20 1e+20 1e+20 1e+20 1e+20 1e+20 -0.00904 P 0.048645 0.431929 P
18 5 5 58243.0 P 0.049922 0.017352 0.432806 0.028096 P -0.0105218 0.0250465 1e+20 1e+20 N 1e+20 1e+20 1e+20 1e+20 1e+20 1e+20 1e+20 1e+20 1e+20 -0.0105218 P 0.049922 0.432806 P
18 5 6 58244.0 P 0.051215 0.017379 0.433664 0.028151 P -0.0119678 0.0250985 1e+20 1e+20 N 1e+20 1e+20 1e+20 1e+20 1e+20 1e+20 1e+20 1e+20 1e+20 -0.0119678 P 0.051215 0.433664 P
18 5 7 58245.0 P 0.052523 0.017406 0.4345 0.028207 P -0.0134592 0.0251504 1e+20 1e+20 N 1e+20 1e+20 1e+20 1e+20 1e+20 1e+20 1e+20 1e+20 1e+20 -0.0134592 P 0.052523 0.4345 P
18 5 8 58246.0 P 0.053846 0.017433 0.435316 0.028262 P -0.0150031 0.0252023 1e+20 1e+20 N 1e+20 1e+20 1e+20 1e+20 1e+20 1e+20 1e+20 1e+20 1e+20 -0.0150031 P 0.053846 0.435316 P
18 5 9 58247.0 P 0.055183 0.017459 0.43611 0.028317 P -0.0166045 0.0252542 1e+20 1e+20 N 1e+20 1e+20 1e+20 1e+20 1e+20 1e+20 1e+20 1e+20 1e+20 -0.0166045 P 0.055183 0.43611 P
18 5 10 58248.0 P 0.056535 0.017486 0.436883 0.028372 P -0.018267 0.025306 1e+20 1e+20 N 1e+20 1e+20 1e+20 1e+20 1e+20 1e+20 1e+20 1e+20 1e+20 -0.018267 P 0.056535 0.436883 P
18 5 11 58249.0 P 0.0579 0.017513 0.437635 0.028427 P -0.0199775 0.0253578 1e+20 1e+20 N 1e+20 1e+20 1e+20 1e+20 1e+20 1e+20 1e+20 1e+20 1e+20 -0.0199775 P 0.0579 0.437635 P
18 5 12 58250.0 P 0.059279 0.01754 0.438364 0.028482 P -0.0216995 0.0254096 1e+20 1e+20 N 1e+20 1e+20 1e+20 1e+20 1e+20 1e+20 1e+20 1e+20 1e+20 0.1117844165 P 0.104844193 0.358263417 P
