py/desiutil/data/iers_frozen.ecsv
# %ECSV 0.9
# ---
# datatype:
# - {name: year, datatype: int64, description: 'To get true calendar year, add 1900
#     forMJD<=51543 or add 2000 for MJD>=51544)'}
# - {name: month, datatype: int64, description: ''}
# - {name: day, datatype: int64, description: of month}
# - {name: MJD, unit: d, datatype: float64, description: fractional Modified Julian
#     Date (MJD UTC)}
# - {name: PolPMFlag_A, datatype: string, description: IERS (I) or Prediction (P) flag
#     forBull. A polar motion values}
# - {name: PM_x_A, unit: arcsec, datatype: float64, description: Bull. A PM-x}
# - {name: e_PM_x_A, unit: arcsec, datatype: float64, description: error in PM-x (sec.
#     of arc)}
# - {name: PM_y_A, unit: arcsec, datatype: float64, description: Bull. A PM-y (sec.
#     of arc)}
# - {name: e_PM_y_A, unit: arcsec, datatype: float64, description: error in PM-y (sec.
#     of arc)}
# - {name: UT1Flag_A, datatype: string, description: IERS (I) or Prediction (P) flag
#     forBull. A UT1-UTC values}
# - {name: UT1_UTC_A, unit: s, datatype: float64, description: Bull. A UT1-UTC (sec.
#     of time)}
# - {name: e_UT1_UTC_A, unit: s, datatype: float64, description: error in UT1-UTC (sec.
#     of time)}
# - {name: LOD_A, unit: ms, datatype: float64, description: Bull. A LOD (msec. of time)--
#     NOT ALWAYS FILLED}
# - {name: e_LOD_A, unit: ms, datatype: float64, description: error in LOD (msec. of
#     time)-- NOT ALWAYS FILLED}
# - {name: NutFlag_A, datatype: string, description: IERS (I) or Prediction (P) flag
#     forBull. A nutation values}
# - {name: dX_2000A_A, unit: marcsec, datatype: float64, description: Bull. A dX wrt
#     IAU2000A NutationFree Core Nutation NOT Removed}
# - {name: e_dX_2000A_A, unit: marcsec, datatype: float64, description: error in dX
#     (msec. of arc)}
# - {name: dY_2000A_A, unit: marcsec, datatype: float64, description: Bull. A dY wrt
#     IAU2000A NutationFree Core Nutation NOT Removed}
# - {name: e_dY_2000A_A, unit: marcsec, datatype: float64, description: error in dY
#     (msec. of arc)}
# - {name: PM_X_B, unit: arcsec, datatype: float64, description: Bull. B PM-x (sec.
#     of arc)}
# - {name: PM_Y_B, unit: arcsec, datatype: float64, description: Bull. B PM-y (sec.
#     of arc)}
# - {name: UT1_UTC_B, unit: s, datatype: float64, description: Bull. B UT1-UTC (sec.
#     of time)}
# - {name: dX_2000A_B, unit: marcsec, datatype: float64, description: Bull. B dX wrt
#     IAU2000A Nutation}
# - {name: dY_2000A_B, unit: marcsec, datatype: float64, description: Bull. B dY wrt
#     IAU2000A Nutation}
# - {name: UT1_UTC, unit: s, datatype: float64}
# - {name: UT1Flag, datatype: string}
# - {name: PM_x, unit: arcsec, datatype: float64}
# - {name: PM_y, unit: arcsec, datatype: float64}
# - {name: PolPMFlag, datatype: string}
# meta: !!omap
# - {data_url: frozen}
year month day MJD PolPMFlag_A PM_x_A e_PM_x_A PM_y_A e_PM_y_A UT1Flag_A UT1_UTC_A e_UT1_UTC_A LOD_A e_LOD_A NutFlag_A dX_2000A_A e_dX_2000A_A dY_2000A_A e_dY_2000A_A PM_X_B PM_Y_B UT1_UTC_B dX_2000A_B dY_2000A_B UT1_UTC UT1Flag PM_x PM_y PolPMFlag
[from data line 280]
73 10 9 41964.0 I 0.058543 0.017609 0.340653 0.020681 I -0.0367665 0.000271 3.3876 0.1916 P -0.191 0.199 -0.723 0.3 0.063 0.347 -0.0398 -14.955 0.167 -0.0398 B 0.063 0.347 B
73 10 10 41965.0 I 0.059892 0.017199 0.339933 0.024914 I -0.0402094 0.000271 3.4871 0.3006 P -0.2 0.199 -0.736 0.3 0.065 0.347 -0.0429 -14.941 0.24 -0.0429 B 0.065 0.347 B
73 10 11 41966.0 I 0.061207 0.018154 0.33918 0.022836 I -0.0437153 0.0005367 3.5103 0.3006 P -0.217 0.199 -0.741 0.3 0.066 0.347 -0.046 -14.953 0.176 -0.046 B 0.066 0.347 B
73 10 12 41967.0 I 0.062492 0.013776 0.338395 0.020474 I -0.0472015 0.0005367 3.4479 0.3293 P -0.235 0.199 -0.747 0.3 0.068 0.346 -0.0492 -14.96 -0.043 -0.0492 B 0.068 0.346 B
73 10 13 41968.0 I 0.063746 0.014686 0.337582 0.025127 I -0.0505871 0.0003817 3.3136 0.3293 P -0.244 0.199 -0.767 0.3 0.069 0.346 -0.0523 -14.947 -0.292 -0.0523 B 0.069 0.346 B
73 10 14 41969.0 I 0.064973 0.015228 0.336743 0.025892 I -0.0538175 0.0003817 3.1459 0.3118 P -0.239 0.199 -0.782 0.3 0.071 0.346 -0.0554 -14.934 -0.439 -0.0554 B 0.071 0.346 B
73 10 15 41970.0 I 0.066173 0.018441 0.335878 0.025066 I -0.0568857 0.0004931 2.9987 0.3239 P -0.226 0.199 -0.777 0.3 0.072 0.346 -0.0586 -14.963 -0.472 -0.0586 B 0.072 0.346 B
73 10 16 41971.0 I 0.067347 0.019432 0.334983 0.026019 I -0.0598386 0.0005235 2.9225 0.3539 P -0.218 0.199 -0.764 0.3 0.074 0.345 -0.0618 -15.05 -0.468 -0.0618 B 0.074 0.345 B
73 10 17 41972.0 I 0.068491 0.019507 0.334057 0.024326 I -0.0627634 0.0005078 2.9444 0.395 P -0.22 0.199 -0.769 0.3 0.075 0.345 -0.065 -15.168 -0.472 -0.065 B 0.075 0.345 B
73 10 18 41973.0 I 0.069603 0.018037 0.3331 0.025205 I -0.0657585 0.0005916 3.0595 0.4113 P -0.222 0.199 -0.792 0.3 0.077 0.344 -0.0682 -15.272 -0.453 -0.0682 B 0.077 0.344 B
73 10 19 41974.0 I 0.07068 0.018253 0.332111 0.026705 I -0.0689026 0.0006471 3.2354 0.4384 P -0.212 0.199 -0.807 0.3 0.078 0.344 -0.0714 -15.34 -0.373 -0.0714 B 0.078 0.344 B
73 10 20 41975.0 I 0.071718 0.017726 0.331093 0.018646 I -0.0722338 0.0006471 3.425 0.4562 P -0.2 0.199 -0.8 0.3 0.079 0.343 -0.0746 -15.392 -0.269 -0.0746 B 0.079 0.343 B
73 10 21 41976.0 I 0.072713 0.018911 0.330045 0.019479 I -0.0757413 0.0006433 3.5806 0.4605 P -0.205 0.199 -0.788 0.3 0.081 0.343 -0.0779 -15.46 -0.243 -0.0779 B 0.081 0.343 B
73 10 22 41977.0 I 0.073664 0.017522 0.328973 0.01956 I -0.0793715 0.0006554 3.6657 0.4865 P -0.229 0.199 -0.782 0.3 0.082 0.342 -0.0811 -15.541 -0.378 -0.0811 B 0.082 0.342 B
73 10 23 41978.0 I 0.074568 0.018102 0.327879 0.021186 I -0.0830438 0.0007299 3.664 0.4405 P -0.252 0.199 -0.784 0.3 0.084 0.342 -0.0844 -15.592 -0.658 -0.0844 B 0.084 0.342 B
73 10 24 41979.0 I 0.075425 0.018676 0.326769 0.008742 I -0.0866716 0.0005887 3.5787 0.3893 P -0.263 0.199 -0.792 0.3 0.085 0.341 -0.0876 -15.582 -0.962 -0.0876 B 0.085 0.341 B
73 10 25 41980.0 I 0.076233 0.021565 0.325649 0.006749 I -0.0901801 0.000271 3.4303 0.324 P -0.269 0.199 -0.802 0.3 0.086 0.34 -0.0909 -15.53 -1.135 -0.0909 B 0.086 0.34 B
73 10 26 41981.0 I 0.076994 0.019107 0.324523 0.017092 I -0.0935221 0.000271 3.2517 0.1916 P -0.274 0.199 -0.805 0.3 0.088 0.339 -0.0941 -15.481 -1.1 -0.0941 B 0.088 0.339 B
73 10 27 41982.0 I 0.07771 0.020657 0.323397 0.018931 I -0.0966851 0.000271 3.0779 0.1916 P -0.271 0.199 -0.795 0.3 0.089 0.339 -0.0974 -15.457 -0.915 -0.0974 B 0.089 0.339 B
73 10 28 41983.0 I 0.078385 0.018058 0.322275 0.018836 I -0.0996893 0.000271 2.9383 0.1916 P -0.261 0.199 -0.784 0.3 0.091 0.338 -0.1006 -15.462 -0.732 -0.1006 B 0.091 0.338 B
73 10 29 41984.0 I 0.07902 0.011901 0.321163 0.021443 I -0.1025796 0.000271 2.8522 0.1916 P -0.255 0.199 -0.787 0.3 0.092 0.337 -0.1039 -15.52 -0.669 -0.1039 B 0.092 0.337 B
73 10 30 41985.0 I 0.079618 0.010319 0.320066 0.018574 I -0.1054143 0.000271 2.8278 0.1916 P -0.253 0.199 -0.801 0.3 0.093 0.336 -0.1072 -15.67 -0.725 -0.1072 B 0.093 0.336 B
73 10 31 41986.0 I 0.080179 0.005485 0.318984 0.021421 I -0.1082555 0.000271 2.8645 0.1916 P -0.245 0.199 -0.811 0.3 0.095 0.335 -0.1105 -15.899 -0.8 -0.1105 B 0.095 0.335 B
73 11 1 41987.0 I 0.080707 0.006708 0.31792 0.018887 I -0.1111611 0.000271 2.9548 0.1916 P -0.232 0.199 -0.816 0.3 0.096 0.335 -0.1139 -16.119 -0.826 -0.1139 B 0.096 0.335 B
73 11 2 41988.0 I 0.081205 0.006187 0.316873 0.011474 I -0.1141791 0.000271 3.087 0.1916 P -0.227 0.199 -0.827 0.3 0.098 0.334 -0.1172 -16.239 -0.842 -0.1172 B 0.098 0.334 B
73 11 3 41989.0 I 0.081675 0.010329 0.315845 0.010024 I -0.1173437 0.000271 3.245 0.2907 P -0.235 0.199 -0.839 0.3 0.099 0.333 -0.1205 -16.245 -0.925 -0.1205 B 0.099 0.333 B
73 11 4 41990.0 I 0.082122 0.011584 0.314834 0.004394 I -0.1206716 0.0005143 3.4103 0.2538 P -0.25 0.199 -0.835 0.3 0.1 0.332 -0.1238 -16.197 -1.055 -0.1238 B 0.1 0.332 B
73 11 5 41991.0 I 0.082547 0.010808 0.313842 0.007728 I -0.12416 0.0004293 3.5625 0.335 P -0.261 0.199 -0.822 0.3 0.101 0.331 -0.1271 -16.138 -1.103 -0.1271 B 0.101 0.331 B
73 11 6 41992.0 I 0.082955 0.012467 0.312868 0.008912 I -0.1277846 0.0004293 3.6787 0.3854 P -0.271 0.199 -0.817 0.3 0.101 0.33 -0.1305 -16.075 -0.982 -0.1305 B 0.101 0.33 B
73 11 7 41993.0 I 0.083351 0.014222 0.311914 0.009978 I -0.1314977 0.0006403 3.7357 0.3854 P -0.285 0.199 -0.824 0.3 0.102 0.329 -0.1338 -16.019 -0.8 -0.1338 B 0.102 0.329 B
73 11 8 41994.0 I 0.083736 0.015484 0.31098 0.010767 I -0.13523 0.0006403 3.7148 0.4528 P -0.303 0.199 -0.829 0.3 0.103 0.328 -0.1371 -16.009 -0.773 -0.1371 B 0.103 0.328 B
73 11 9 41995.0 I 0.084113 0.013649 0.310067 0.009652 I -0.1389009 0.0006403 3.6146 0.4348 P -0.32 0.199 -0.827 0.3 0.104 0.326 -0.1404 -16.07 -0.979 -0.1404 B 0.104 0.326 B
73 11 10 41996.0 I 0.084483 0.012018 0.309173 0.011041 I -0.1424404 0.0005883 3.4579 0.4872 P -0.335 0.199 -0.829 0.3 0.105 0.325 -0.1437 -16.189 -1.258 -0.1437 B 0.105 0.325 B
73 11 11 41997.0 I 0.084847 0.016474 0.308297 0.010225 I -0.1458136 0.0007344 3.2918 0.4705 P -0.346 0.199 -0.838 0.3 0.105 0.324 -0.147 -16.332 -1.418 -0.147 B 0.105 0.324 B
73 11 12 41998.0 I 0.085209 0.018447 0.307439 0.008893 I -0.1490401 0.0007344 3.1738 0.476 P -0.344 0.199 -0.854 0.3 0.106 0.323 -0.1503 -16.455 -1.46 -0.1503 B 0.106 0.323 B
73 11 13 41999.0 I 0.085571 0.016377 0.306596 0.017613 I -0.1521916 0.0006057 3.1469 0.476 P -0.324 0.199 -0.879 0.3 0.107 0.322 -0.1536 -16.51 -1.506 -0.1536 B 0.107 0.322 B
73 11 14 42000.0 I 0.085938 0.015599 0.305766 0.018983 I -0.1553677 0.0006057 3.2212 0.4283 P -0.295 0.199 -0.896 0.3 0.108 0.321 -0.1569 -16.476 -1.579 -0.1569 B 0.108 0.321 B
73 11 15 42001.0 I 0.086314 0.014034 0.304948 0.020813 I -0.1586583 0.0006057 3.3683 0.4692 P -0.28 0.199 -0.89 0.3 0.108 0.32 -0.1603 -16.408 -1.577 -0.1603 B 0.108 0.32 B
73 11 16 42002.0 I 0.0867 0.015936 0.30414 0.02386 I -0.162111 0.0007168 3.5353 0.4215 P -0.286 0.199 -0.87 0.3 0.109 0.318 -0.1636 -16.391 -1.464 -0.1636 B 0.109 0.318 B
73 11 17 42003.0 I 0.087096 0.01388 0.30334 0.021493 I -0.1657174 0.0005864 3.6676 0.4631 P -0.299 0.199 -0.859 0.3 0.109 0.317 -0.167 -16.456 -1.351 -0.167 B 0.109 0.317 B
73 11 18 42004.0 I 0.087504 0.006283 0.302548 0.024463 I -0.1694223 0.0005864 3.728 0.323 P -0.315 0.199 -0.86 0.3 0.11 0.316 -0.1703 -16.57 -1.373 -0.1703 B 0.11 0.316 B
73 11 19 42005.0 I 0.087927 0.005441 0.301765 0.023066 I -0.173145 0.000271 3.703 0.323 P -0.337 0.199 -0.861 0.3 0.11 0.315 -0.1736 -16.67 -1.545 -0.1736 B 0.11 0.315 B
73 11 20 42006.0 I 0.088364 0.00471 0.30099 0.01936 I -0.1768026 0.000271 3.6008 0.1916 P -0.36 0.199 -0.86 0.3 0.111 0.314 -0.1768 -16.709 -1.784 -0.1768 B 0.111 0.314 B
73 11 21 42007.0 I 0.088817 0.014519 0.30022 0.016766 I -0.1803279 0.000271 3.4424 0.1916 P -0.371 0.199 -0.867 0.3 0.111 0.312 -0.1801 -16.672 -2.002 -0.1801 B 0.111 0.312 B
73 11 22 42008.0 I 0.089286 0.01618 0.299457 0.012552 I -0.1836776 0.000271 3.2544 0.1916 P -0.374 0.199 -0.88 0.3 0.112 0.311 -0.1833 -16.591 -2.136 -0.1833 B 0.112 0.311 B
73 11 23 42009.0 I 0.089771 0.014146 0.298698 0.011093 I -0.1868362 0.000271 3.0648 0.1916 P -0.378 0.199 -0.887 0.3 0.112 0.31 -0.1866 -16.529 -2.144 -0.1866 B 0.112 0.31 B
73 11 24 42010.0 I 0.090274 0.016245 0.297942 0.010837 I -0.1898154 0.000271 2.8998 0.1916 P -0.377 0.199 -0.879 0.3 0.113 0.309 -0.1898 -16.52 -2.026 -0.1898 B 0.113 0.309 B
73 11 25 42011.0 I 0.090793 0.014532 0.297186 0.009837 I -0.1926508 0.000271 2.78 0.1916 P -0.368 0.199 -0.864 0.3 0.113 0.308 -0.193 -16.558 -1.864 -0.193 B 0.113 0.308 B
73 11 26 42012.0 I 0.091326 0.01678 0.296429 0.004253 I -0.1953945 0.000271 2.7177 0.1916 P -0.358 0.199 -0.862 0.3 0.114 0.307 -0.1963 -16.636 -1.786 -0.1963 B 0.114 0.307 B
73 11 27 42013.0 I 0.09187 0.014929 0.295667 0.005106 I -0.1981064 0.000271 2.716 0.1916 P -0.356 0.199 -0.875 0.3 0.114 0.306 -0.1995 -16.77 -1.859 -0.1995 B 0.114 0.306 B
73 11 28 42014.0 I 0.092423 0.006188 0.2949 0.005895 I -0.2008447 0.000271 2.7689 0.1916 P -0.353 0.199 -0.89 0.3 0.115 0.305 -0.2027 -16.952 -2.019 -0.2027 B 0.115 0.305 B
73 11 29 42015.0 I 0.092982 0.006391 0.294123 0.005109 I -0.2036584 0.000271 2.8644 0.1916 P -0.348 0.199 -0.894 0.3 0.116 0.303 -0.2059 -17.11 -2.145 -0.2059 B 0.116 0.303 B
73 11 30 42016.0 I 0.093545 0.007031 0.293334 0.00532 I -0.2065822 0.000271 2.9861 0.1916 P -0.349 0.199 -0.893 0.3 0.116 0.302 -0.209 -17.167 -2.209 -0.209 B 0.116 0.302 B
73 12 1 42017.0 I 0.09411 0.009172 0.292529 0.005126 I -0.2096336 0.000271 3.1166 0.1916 P -0.361 0.199 -0.885 0.3 0.117 0.301 -0.2122 -17.126 -2.284 -0.2122 B 0.117 0.301 B
73 12 2 42018.0 I 0.094675 0.00972 0.291707 0.004844 I -0.2128126 0.000271 3.2385 0.3071 P -0.378 0.199 -0.869 0.3 0.117 0.3 -0.2153 -17.068 -2.409 -0.2153 B 0.117 0.3 B
73 12 3 42019.0 I 0.095237 0.009484 0.290864 0.005468 I -0.2161018 0.0005511 3.334 0.3071 P -0.398 0.199 -0.852 0.3 0.118 0.299 -0.2185 -17.04 -2.481 -0.2185 B 0.118 0.299 B
73 12 4 42020.0 I 0.095793 0.010215 0.289998 0.004816 I -0.2194661 0.0005511 3.3858 0.3656 P -0.417 0.199 -0.851 0.3 0.119 0.298 -0.2217 -17.009 -2.378 -0.2217 B 0.119 0.298 B
73 12 5 42021.0 I 0.09634 0.008982 0.289106 0.010398 I -0.2228535 0.0004805 3.3777 0.3634 P -0.436 0.199 -0.862 0.3 0.12 0.296 -0.2248 -16.943 -2.159 -0.2248 B 0.12 0.296 B
73 12 6 42022.0 I 0.096875 0.00956 0.288186 0.012004 I -0.2261987 0.0004739 3.3013 0.3374 P -0.451 0.199 -0.875 0.3 0.12 0.295 -0.228 -16.877 -2.064 -0.228 B 0.12 0.295 B
73 12 7 42023.0 I 0.097397 0.011093 0.287234 0.010844 I -0.2294362 0.0004739 3.1654 0.4072 P -0.457 0.199 -0.887 0.3 0.121 0.293 -0.2311 -16.871 -2.228 -0.2311 B 0.121 0.293 B
73 12 8 42024.0 I 0.097906 0.010067 0.286249 0.01225 I -0.2325204 0.0006623 3.0022 0.4372 P -0.456 0.199 -0.895 0.3 0.122 0.292 -0.2343 -16.95 -2.482 -0.2343 B 0.122 0.292 B
73 12 9 42025.0 I 0.0984 0.008771 0.285228 0.012807 I -0.2354488 0.0007348 2.8637 0.4946 P -0.457 0.199 -0.886 0.3 0.123 0.291 -0.2374 -17.115 -2.568 -0.2374 B 0.123 0.291 B
73 12 10 42026.0 I 0.09888 0.008782 0.28417 0.014222 I -0.2382737 0.0007348 2.803 0.5603 P -0.468 0.199 -0.878 0.3 0.124 0.289 -0.2405 -17.321 -2.484 -0.2405 B 0.124 0.289 B
73 12 11 42027.0 I 0.099345 0.0124 0.283075 0.020406 I -0.2410901 0.000846 2.8482 0.7522 P -0.468 0.199 -0.9 0.3 0.124 0.288 -0.2436 -17.461 -2.443 -0.2436 B 0.124 0.288 B
73 12 12 42028.0 I 0.099793 0.014205 0.281941 0.020838 I -0.2440011 0.0013128 2.9864 0.7558 P -0.44 0.199 -0.932 0.3 0.125 0.286 -0.2467 -17.437 -2.505 -0.2467 B 0.125 0.286 B
73 12 13 42029.0 I 0.100222 0.012509 0.280768 0.02116 I -0.2470773 0.0012528 3.1677 0.7808 P -0.408 0.199 -0.922 0.3 0.126 0.285 -0.2498 -17.304 -2.489 -0.2498 B 0.126 0.285 B
73 12 14 42030.0 I 0.10063 0.011661 0.279554 0.024172 I -0.2503284 0.0008456 3.3248 0.7557 P -0.412 0.199 -0.873 0.3 0.127 0.283 -0.2528 -17.231 -2.301 -0.2528 B 0.127 0.283 B
73 12 15 42031.0 I 0.101017 0.015848 0.278295 0.021122 I -0.2537006 0.0008456 3.403 0.5979 P -0.448 0.199 -0.846 0.3 0.127 0.282 -0.2558 -17.29 -2.129 -0.2558 B 0.127 0.282 B
73 12 16 42032.0 I 0.101381 0.018266 0.276993 0.022939 I -0.2571003 0.0008456 3.3791 0.5979 P -0.479 0.199 -0.864 0.3 0.128 0.28 -0.2589 -17.392 -2.19 -0.2589 B 0.128 0.28 B
73 12 17 42033.0 I 0.101724 0.016975 0.275649 0.021608 I -0.2604283 0.0008456 3.2639 0.5979 P -0.495 0.199 -0.882 0.3 0.128 0.279 -0.2619 -17.433 -2.443 -0.2619 B 0.128 0.279 B
73 12 18 42034.0 I 0.102047 0.016009 0.274264 0.016421 I -0.2636077 0.0008456 3.0877 0.4271 P -0.506 0.199 -0.876 0.3 0.129 0.277 -0.2649 -17.406 -2.671 -0.2649 B 0.129 0.277 B
73 12 19 42035.0 I 0.102351 0.014896 0.272842 0.016593 I -0.2665947 0.0001206 2.8847 0.444 P -0.515 0.199 -0.867 0.3 0.129 0.275 -0.2678 -17.351 -2.758 -0.2678 B 0.129 0.275 B
73 12 20 42036.0 I 0.102634 0.017 0.271385 0.014296 I -0.2693781 0.000271 2.6847 0.1483 P -0.516 0.199 -0.873 0.3 0.13 0.274 -0.2708 -17.283 -2.755 -0.2708 B 0.13 0.274 B
73 12 21 42037.0 I 0.102894 0.015245 0.269898 0.017143 I -0.2719725 0.000271 2.5099 0.1916 P -0.516 0.199 -0.882 0.3 0.13 0.272 -0.2737 -17.212 -2.728 -0.2737 B 0.13 0.272 B
73 12 22 42038.0 I 0.103128 0.010535 0.268385 0.019527 I -0.2744121 0.000271 2.3775 0.1916 P -0.52 0.199 -0.882 0.3 0.131 0.271 -0.2767 -17.168 -2.669 -0.2767 B 0.131 0.271 B
73 12 23 42039.0 I 0.103332 0.009394 0.26685 0.017178 I -0.2767456 0.000271 2.2993 0.1916 P -0.519 0.199 -0.876 0.3 0.131 0.269 -0.2796 -17.176 -2.564 -0.2796 B 0.131 0.269 B
73 12 24 42040.0 I 0.103505 0.008193 0.265298 0.017236 I -0.2790306 0.000271 2.281 0.1916 P -0.512 0.199 -0.871 0.3 0.131 0.267 -0.2823 -17.238 -2.49 -0.2823 B 0.131 0.267 B
73 12 25 42041.0 I 0.103644 0.007382 0.26373 0.015412 I -0.2813266 0.000271 2.3199 0.1916 P -0.504 0.199 -0.869 0.3 0.131 0.265 -0.285 -17.346 -2.554 -0.285 B 0.131 0.265 B
73 12 26 42042.0 I 0.103749 0.005753 0.262149 0.014806 I -0.2836858 0.000271 2.4051 0.1916 P -0.499 0.199 -0.868 0.3 0.131 0.263 -0.2876 -17.48 -2.745 -0.2876 B 0.131 0.263 B
73 12 27 42043.0 I 0.103819 0.007123 0.260555 0.019758 I -0.2861467 0.000271 2.52 0.1916 P -0.497 0.199 -0.867 0.3 0.131 0.261 -0.2903 -17.587 -2.922 -0.2903 B 0.131 0.261 B
73 12 28 42044.0 I 0.103852 0.006838 0.258949 0.018249 I -0.2887292 0.000271 2.6451 0.1916 P -0.506 0.199 -0.864 0.3 0.131 0.26 -0.293 -17.615 -2.97 -0.293 B 0.131 0.26 B
73 12 29 42045.0 I 0.103848 0.006838 0.257335 0.018249 I -0.2914341 0.000271 2.7618 0.1916 P -0.527 0.199 -0.851 0.3 0.131 0.258 -0.2952 -17.566 -2.933 -0.2952 B 0.131 0.258 B
73 12 30 42046.0 I 0.103808 0.007755 0.255711 0.02194 I -0.2942446 0.000271 2.8538 0.1916 P -0.553 0.199 -0.825 0.3 0.131 0.256 -0.2974 -17.512 -2.925 -0.2974 B 0.131 0.256 B
73 12 31 42047.0 I 0.103731 0.011371 0.254081 0.021829 I -0.2971289 0.000271 2.9073 0.1916 P -0.581 0.199 -0.805 0.3 0.131 0.254 -0.2997 -17.505 -2.957 -0.2997 B 0.131 0.254 B
74 1 1 42048.0 I 0.103616 0.013626 0.252446 0.026179 I 0.6999573 0.000271 2.9112 0.1916 P -0.607 0.199 -0.81 0.3 0.131 0.252 0.6981 -17.515 -2.936 0.6981 B 0.131 0.252 B
74 1 2 42049.0 I 0.103462 0.012568 0.25081 0.023301 I 0.6970674 0.000271 2.8589 0.1916 P -0.626 0.199 -0.832 0.3 0.131 0.25 0.6959 -17.475 -2.847 0.6959 B 0.131 0.25 B
74 1 3 42050.0 I 0.103267 0.013605 0.249178 0.019039 I 0.6942571 0.000271 2.7537 0.1916 P -0.636 0.199 -0.86 0.3 0.13 0.248 0.6934 -17.373 -2.833 0.6934 B 0.13 0.248 B
74 1 4 42051.0 I 0.103031 0.0123 0.247553 0.015546 I 0.6915711 0.000271 2.6152 0.1916 P -0.63 0.199 -0.901 0.3 0.129 0.246 0.6909 -17.244 -3.008 0.6909 B 0.129 0.246 B
74 1 5 42052.0 I 0.102754 0.0123 0.245936 0.015546 I 0.689025 0.000271 2.4818 0.1916 P -0.605 0.199 -0.944 0.3 0.129 0.243 0.6885 -17.14 -3.216 0.6885 B 0.129 0.243 B
74 1 6 42053.0 I 0.102437 0.016881 0.24433 0.013563 I 0.6865893 0.000271 2.4028 0.1916 P -0.57 0.199 -0.944 0.3 0.128 0.241 0.686 -17.125 -3.175 0.686 B 0.128 0.241 B
74 1 7 42054.0 I 0.10208 0.017052 0.242733 0.009469 I 0.6841874 0.000271 2.4196 0.1916 P -0.558 0.199 -0.889 0.3 0.127 0.239 0.6835 -17.252 -2.876 0.6835 B 0.127 0.239 B
74 1 8 42055.0 I 0.101681 0.014768 0.241147 0.009766 I 0.6817146 0.000271 2.543 0.1916 P -0.581 0.199 -0.84 0.3 0.126 0.237 0.6807 -17.468 -2.629 0.6807 B 0.126 0.237 B
